271	2
-2.14133	0.580479	-1.14288
-0.94094	-0.220963	-0.708414
-1.74804	0.527113	-1.11524
-1.59189	-0.420711	-0.15816
-1.6506	-0.52736	-0.249466
-1.97074	0.524959	-1.234
-1.60363	-0.370529	-0.312738
-0.95718	0.208745	-0.785327
-0.710214	-0.448407	-1.00485
-0.694619	-0.457913	-1.01526
-1.60501	-0.367722	-0.295095
0.462494	-0.404381	-0.241356
-0.66972	-0.256617	-0.370546
-0.828171	0.00968675	-0.574944
-0.704887	-0.428205	-0.889522
-1.13698	-0.210659	-0.933077
0.581344	-0.889941	-0.509865
-0.69958	-1.07113	1.58754
-0.696986	0.366217	-0.587428
-0.945412	-0.275267	-0.748153
0.459741	-0.375366	-0.231993
0.725284	-0.566892	-1.31384
-1.59415	1.16086	-0.901864
-0.69563	-0.456292	-1.01253
-1.58352	-0.305748	-0.572222
-1.48927	0.0922627	-0.333944
-1.57022	-0.3197	-0.722445
-0.831101	0.012227	-0.57777
-1.78975	0.529296	-1.13585
-1.40414	-0.349859	-0.736324
-0.662378	0.12208	-0.466271
-0.859533	-0.400039	-1.01182
-1.18951	-0.312814	-1.01301
-1.83754	0.498121	-1.18112
-0.832411	-0.0362215	-0.425578
-0.980902	-0.235929	-0.769198
0.816396	-0.350877	-1.24122
-0.832953	-0.029833	-1.24741
54.7335	-4.61122	-193.584
-0.784604	-0.152132	-0.0140763
0.46234	-0.417527	-0.327599
-1.03862	-0.185677	-0.813117
-0.768851	0.494656	-0.572904
-0.742841	0.306441	-0.989169
-1.65226	-0.523809	-0.275336
-0.750175	-0.425196	-0.969282
-0.948225	-0.367602	-0.0257954
-0.720279	-0.413013	-0.730656
-1.56688	-0.487613	-0.032491
-0.962032	0.207009	-0.789479
-1.14325	-0.042086	-0.22717
-0.796737	-1.05745	1.68473
-0.605008	-0.326729	-0.424288
-0.749767	0.366809	-0.559077
-0.636471	-0.345362	-0.332212
-0.437909	-0.00497169	-0.380787
-1.59188	-0.423132	-0.165249
-1.76782	0.463638	-1.16503
-0.666302	-0.416597	-0.65163
-0.660592	0.154827	-0.526619
-1.39525	0.37595	-0.511765
-0.770941	-0.404838	-0.890987
-0.921144	-0.23051	-0.68767
-1.61559	-0.473722	-0.278753
-0.883572	0.269761	-1.25208
-0.701331	0.340238	-0.525105
-0.788853	0.36082	-0.585211
-0.771458	-1.08232	1.75687
0.481973	-0.937714	-0.435813
-0.762341	-0.42378	-0.97838
-0.726689	0.0177032	-0.416019
-0.810588	0.0284645	-0.563569
-0.775173	-0.797213	-0.337075
-1.21995	-0.447171	0.788137
-0.719962	0.241362	-0.351739
-0.829555	-0.638396	-0.299817
0.461739	-0.490657	-0.237612
-0.772678	-0.0333279	-1.16928
-0.980079	0.112968	-0.702334
-1.63073	0.810868	-1.02401
-0.835581	0.0603026	-0.588262
-1.59196	-0.426752	-0.171579
-1.5828	0.748879	-0.970068
-1.79068	0.525326	-1.13873
-0.725539	-0.110342	-0.466086
-1.96739	0.515315	-1.23959
-0.851478	0.118829	-0.608683
-0.89074	-0.26309	-0.657917
-0.719915	-0.454875	-1.02589
0.698599	-0.991889	-1.58914
-0.651535	0.146762	-1.25385
-2.02826	0.545547	-1.24602
-0.930774	-0.19757	-0.686166
-2.42299	-1.33481	5.68985
-0.964947	0.110085	-0.689778
-0.877634	0.188765	-0.717304
-0.953424	0.129797	-0.68311
-1.53502	0.804668	-0.930528
-0.703376	0.20421	-0.303009
-0.66133	0.105259	-0.462153
-1.40148	-0.357476	-0.725613
-0.681143	-0.408272	-0.594864
-1.22886	-0.160608	-0.974329
-1.79355	0.522483	-1.14197
-1.36329	-0.587052	-0.416676
-0.921934	0.504118	-0.67038
-1.7982	0.915629	-0.960255
-1.19026	-0.314081	-1.01327
-0.58482	-0.213974	-0.66565
-1.54446	0.794215	-0.937979
-0.738541	-0.370533	-0.524092
-0.784416	0.446893	-0.582995
-0.67031	-0.416741	-0.667348
-1.53502	0.804668	-0.930528
-1.76919	0.550742	-1.11275
-0.592237	-0.372947	-0.410898
-1.76754	-0.590011	-0.955083
-0.964947	0.110085	-0.689778
-0.815273	-0.0149413	-0.56099
-0.724729	-0.0950776	-0.478904
-0.806752	-0.686791	-0.272772
-0.685096	0.16223	-0.548936
-0.716458	-0.414722	-0.853546
-0.712509	-0.402099	-0.623584
-1.36912	-0.225085	-0.957349
-1.33263	0.261529	-0.979627
-1.05935	-0.57031	0.949976
-1.59371	0.464838	-0.4204
-0.793006	-0.0693812	-0.535368
-0.332189	0.191406	-1.04486
-0.674195	-1.05996	1.52425
-0.965979	0.294183	-0.491988
-1.03163	-0.159578	-0.294506
-0.836132	-0.194284	-0.571833
-0.880408	0.187168	-0.719617
-0.629117	0.0491717	-0.357795
-0.724982	0.119974	-1.13069
-0.846662	-0.281027	-0.608521
-0.54807	-0.289232	-0.699953
-0.854713	0.561333	-1.02757
-0.715367	-0.382785	-0.417853
-0.862024	0.0987562	-0.613306
-0.74216	-0.693022	-0.891165
-0.796153	0.14426	-0.400763
-0.768901	-0.385215	-0.722921
-0.965991	-0.173131	-0.721806
-0.990419	0.406332	-0.723594
-1.40971	-0.35158	-0.723391
-0.774999	0.364662	-0.575943
-0.740993	-0.366187	-0.517919
-1.29082	0.583664	-0.366105
-0.934411	0.368419	-0.528012
-0.622066	-0.622431	-0.633159
-0.536242	-0.285213	-0.669612
-0.880043	0.0134591	-0.395571
-0.963861	-0.193909	-0.7259
-0.859521	0.0805654	-0.61015
-0.787739	0.143785	-0.408893
-0.904299	0.363815	-0.951837
-0.681676	-0.593527	-0.366778
-0.743971	-0.116483	-0.482312
-0.922288	-0.0649499	-0.933313
-0.885141	-0.399473	-0.428726
-0.860638	0.0343683	0.0628436
-0.809549	-0.0453231	-0.552522
-1.64992	0.245275	-0.306337
0.842561	-3.09651	3.14844
-1.96655	1.10101	-0.776806
-1.67985	0.497449	-0.437524
-1.53659	0.427023	-0.44913
-0.136999	-0.148319	-0.446308
-0.241538	-0.106392	-0.545724
-2.60838	1.80938	-0.321582
-0.579798	-0.0920542	-0.264584
-0.311446	-0.117289	-0.356175
-2.64788	1.86399	-0.291927
-2.2279	1.23344	-0.496577
-0.104878	-0.119066	-1.17316
-0.961564	0.0886159	-0.405538
-1.37476	0.630774	-0.989944
-1.11847	-0.0253248	-0.247972
-0.335693	-0.112167	-0.310619
0.726995	-0.344827	-1.90391
-0.815961	0.318245	-0.317868
-0.510057	-3.37001	1.98033
-0.158226	-0.134378	-0.438093
-0.352427	-0.0810285	-0.358357
-0.484216	0.0216783	-0.31031
-0.578019	-3.88979	2.18037
0.0172171	-0.13349	-1.42933
-0.255149	-0.191191	-0.340963
-0.405189	-0.0784139	-0.404793
-1.62025	0.191715	-0.309827
-2.08293	1.01579	-0.567243
-1.12928	0.427512	-0.988226
-0.569417	-0.0988348	-0.268732
-0.968411	0.12443	-0.433648
-0.751474	0.0784785	-0.516949
-2.39557	1.51385	-0.480955
-1.46062	0.0895661	-0.267902
-1.54029	0.429897	-0.451354
-1.31283	0.589454	-0.927048
-1.03815	0.229187	-0.530089
-0.364591	-0.10423	-0.337569
-0.39395	-0.0433426	-0.604183
-0.359617	-0.0764859	-0.368935
-1.52347	0.357644	-0.452833
-1.62578	0.472141	-0.463365
-0.212163	0.0304043	-1.33377
-1.37799	0.627752	-0.990936
-2.18483	1.16748	-0.518599
-1.60802	0.404908	-0.426591
-2.41569	1.54178	-0.465882
-1.43742	0.131125	-0.304073
-0.605527	-0.0961187	-0.258684
-2.01987	1.02258	-0.379448
-0.368099	-0.052906	-0.606522
-0.377407	-0.0856498	-0.407804
-0.0519239	-0.137193	-1.17606
-1.03357	0.148052	-0.397794
-0.945737	0.136397	-0.438855
-1.63034	0.234356	-0.33641
-2.59327	1.75761	-0.338115
-2.46014	1.58682	-0.43532
0.83675	-0.367891	-1.4354
-0.997083	0.191034	-0.533291
-0.307536	-0.0203002	-0.424562
-2.26313	1.29286	-0.524051
-1.01919	0.169583	-0.435124
-1.78145	1.01413	-0.786872
-0.42557	-0.0725145	-0.349652
-0.421205	-0.060572	-0.39479
-1.85877	0.24391	-0.301489
-0.0600364	-0.133422	-1.17794
-1.14162	0.438509	-0.994725
-1.72752	0.3853	-0.324355
-0.92146	0.10972	-0.450678
-2.21787	1.2671	-0.557187
-1.05276	0.03626	-0.319071
-1.52264	0.32704	-0.397581
-1.71288	0.363306	-0.352417
-1.57147	0.419821	-0.44222
-0.386128	-0.395298	0.0805432
-0.214444	-0.113186	-0.415546
-1.54112	0.22118	-0.291602
-0.467335	0.0746245	-0.325351
-1.46092	0.04595	-0.261645
-1.48516	0.275848	-0.401106
-1.85593	0.238066	-0.301524
-1.57695	0.432922	-0.46611
-1.6806	0.204018	-0.294467
-1.13871	0.304042	-0.435814
0.130234	-0.162693	-1.48424
-2.27189	1.2951	-0.509124
-1.18649	0.487357	-0.975017
-0.933903	0.151259	-0.462703
-0.468377	-3.00981	1.85478
-1.50959	0.312447	-0.40224
-0.141488	-0.140997	-0.523863
-0.256296	-0.0909613	-0.584449
-1.61883	0.216385	-0.296783
-0.978197	0.097608	-0.410573
-1.04188	0.10594	-0.395783
-1.14031	0.44385	-0.996605
-0.640588	-0.112684	-0.220419
-1.59435	0.487369	-0.46471
-0.415171	-0.0553977	-0.390871
-1.57459	0.162302	-0.292231
-1.10123	0.147677	-0.393083
-0.9065	0.131176	-0.445644
-0.179519	-0.11934	-0.521003
0.575453	0.421437	2.08432
0.111244	0.88151	3.12803
