630	6
-1.80066	0.478658	3.41898
-0.645723	-0.143951	4.31853
-1.41609	0.472029	3.51511
-1.30071	-0.144523	2.57202
-14.0264	-3.2922	26.8253
-1.63655	0.401544	3.54304
-1.06696	-0.12515	2.22725
-0.641198	0.415807	4.08035
-0.26905	-0.670346	4.78818
-0.236823	-0.674721	4.69177
-1.19027	-0.129122	2.46505
1.05829	-0.0181663	2.21798
-0.325932	0.0530587	7.95881
-0.513971	0.329469	4.61256
-0.274526	-0.621297	5.05707
-0.563562	-0.157797	2.62996
0.312298	-0.136514	1.17813
1.3613	-0.372348	3.12772
-0.235261	0.666022	3.47922
18.6528	7.24728	-124.748
1.05299	0.012249	2.21749
0.344934	0.172328	7.30793
-1.05957	1.00713	2.92931
-0.239304	-0.673099	4.70542
-0.263799	-0.0390695	0.619662
-1.22431	0.0757205	5.16276
-2.85891	-0.612176	7.13673
-0.518001	0.330434	4.60154
-1.45731	0.46165	3.51766
10.7063	3.06289	-32.2455
-0.191499	0.526436	3.94264
-0.598971	-0.690006	5.43108
55.2923	25.1412	-241.301
-1.51404	0.40984	3.55646
-0.443801	-0.474691	6.33484
0.129355	0.0373194	-0.794217
0.348507	0.639517	6.16048
-1.3813	0.119242	5.00815
0.629695	-1.01476	2.68118
-0.204926	0.734667	7.31879
-0.381469	-0.290515	7.85378
-1.08264	-0.210233	5.90226
-0.314665	0.762767	3.25836
-1.03658	0.700325	4.62711
-11.4891	-2.75351	22.1762
-0.360045	-0.65844	5.0731
-0.686957	0.199255	7.50421
-0.328755	-0.560867	5.47925
-1.13948	-0.151151	2.17648
-0.648703	0.411141	4.08651
-0.0426362	0.00331094	0.204981
0.233457	-0.339595	6.24694
-0.160658	0.0880831	2.00536
-0.301993	0.679124	3.45417
-0.11578	-0.0200083	2.19756
-0.02095	0.0303324	0.186863
-1.23669	-0.143388	2.45208
-1.4537	0.390084	3.58408
-0.206317	-0.510319	5.42124
-0.193426	0.526774	3.94517
-0.282431	0.0399187	1.40653
-0.428919	-0.628627	5.41565
-0.300094	-0.0712683	2.1091
-0.682526	-0.136806	1.37567
-1.52804	0.531151	5.22238
-0.237467	0.675045	3.4527
-0.356202	0.661778	3.50278
0.772457	-0.148305	4.46139
1.10395	-0.584977	2.20507
-0.384148	-0.664404	5.0975
-0.189509	0.168742	1.80514
-0.473867	0.362511	4.51376
-0.281602	-0.739176	4.52779
0.121186	-0.195392	7.47711
-0.290717	0.228562	1.43473
-0.305634	-0.632422	4.91418
1.09002	-0.10009	2.23606
22.1674	-1.77367	-107.765
-0.704153	0.35142	4.2034
-1.19407	0.740591	3.24214
-0.503937	0.381254	4.38751
-1.15713	-0.140763	2.29933
-1.17023	0.724308	3.26495
-1.45948	0.456761	3.52211
-0.365885	0.252151	5.31986
-1.63606	0.390613	3.55312
-0.506982	0.431471	4.17476
2.135	0.67766	-16.3407
-0.282721	-0.684298	4.74667
-0.0331785	0.00750678	0.165262
-0.282448	0.105749	1.4472
-1.68583	0.410743	3.52515
-0.832024	-0.123404	5.68108
0.888773	-0.696822	2.50247
-0.68374	0.357855	4.21403
-0.53348	0.442949	4.1079
-0.657802	0.38569	4.15529
-1.10436	0.783298	3.19865
-0.127705	0.158011	2.24326
-0.19077	0.513255	3.99832
6.39218	1.8586	-19.2507
-0.247578	-0.480415	5.6574
-0.480308	-0.0967078	1.95886
-1.46323	0.452565	3.52554
-1.20945	-0.562572	4.20161
-0.50483	0.722522	3.35649
-1.32838	0.829629	3.1118
55.5486	25.345	-242.15
-0.847509	0.408145	7.32843
-1.11709	0.772385	3.21106
-0.320342	-0.294755	4.69369
-0.339345	0.725478	3.34565
-0.215094	-0.518522	5.40256
-1.10436	0.783298	3.19865
-1.42978	0.492316	3.49146
-0.550899	0.287359	8.36203
-135.627	-63.663	296.841
-0.68374	0.357855	4.21403
-0.502629	0.308541	4.73429
-0.524838	0.198856	5.70796
-0.0767708	-0.180442	1.47849
-0.23324	0.52198	3.96859
-0.307916	-0.60217	5.23921
-0.324479	-0.493483	5.7052
-0.373886	-0.117265	1.07963
-0.0351664	-0.00121564	0.205246
-0.0252666	-0.237913	8.88477
-1.16894	0.581953	4.09411
-0.488494	0.252644	5.05229
-0.180385	0.258007	1.82975
0.878971	-0.622602	2.53347
-0.22042	0.208845	1.68499
-0.74739	0.0482833	6.57044
-0.204233	0.0439859	1.70618
-0.538248	0.439771	4.11463
-0.032391	0.00588513	0.205227
-1.33743	0.480015	5.3443
-11.011	-3.96687	96.7975
-0.283832	0.136063	1.45351
-0.480748	0.404589	1.85771
-0.560456	-0.0683761	7.03872
-0.531605	0.405766	4.24856
-0.2467	-0.879354	3.94329
-0.0249283	0.02025	0.157944
-0.454584	-0.52629	5.70907
-0.938181	-0.107489	5.89119
-0.613121	0.619024	3.55383
-13.8221	-3.89115	41.1322
-0.336728	0.669343	3.48264
-0.281614	-0.244863	4.05851
-0.259287	0.2975	1.52981
-0.0346674	0.0270722	0.185267
-0.174527	-0.0480245	1.68603
-0.382751	0.0216371	8.80855
-0.906734	0.715963	7.97126
-0.933344	-0.154714	5.90297
-0.535344	0.387811	4.31769
-0.185355	0.139454	1.83088
-1.28165	0.746923	5.0525
-0.102449	-0.121858	1.69934
-0.409937	0.226135	5.37881
-0.0557033	0.00311163	0.211074
-0.174002	0.0536185	1.88848
-0.139907	0.241974	1.9523
-0.50789	0.273258	4.90647
-0.274389	-0.646441	4.88319
1.09311	-0.121916	2.16969
-0.421333	0.124744	1.15913
24.0169	12.1912	-174.397
-1.08537	-0.295183	4.76835
-3.17701	3.70466	25.2648
-0.475323	0.688733	3.39516
-2.14676	0.107938	4.19758
-0.176622	0.514833	3.9458
29.429	-33.672	-131.461
-1.8924	-0.423006	3.89611
33.132	10.6098	-101.895
-1.10615	0.730244	3.23526
-0.457629	0.344311	4.57629
-1.62104	0.392674	3.524
-1.30015	0.234127	5.23051
-0.217389	0.63879	3.51168
-1.4396	0.928863	2.94654
-0.251642	0.724698	3.96733
0.902935	-0.711021	2.45744
-0.345401	0.713065	3.33951
-0.612115	0.207061	7.93482
-0.217603	0.642162	3.49363
0.911794	-0.811252	2.42131
-1.31272	0.773708	3.15125
-0.510011	0.122339	8.3413
-0.33664	0.623635	3.57043
-1.15415	0.595852	5.32917
33.5566	10.7458	-103.201
0.0314048	-0.00881307	-0.0924448
-0.182264	0.516788	3.93779
-0.91325	-0.033346	5.64731
-0.54693	0.504464	3.84388
-1.13878	0.063487	5.28388
-0.213265	0.0481026	1.69489
-0.59106	-0.11989	4.23569
-0.957789	0.595828	5.68952
-0.655102	0.381239	4.12681
0.000396309	3.65788e-05	0.00611588
-0.756592	0.105146	6.7484
16.7951	-22.7359	-183.467
-0.8081	0.486077	7.98969
0.452242	-0.668579	4.10915
-1.31166	0.765884	3.1487
-1.62528	0.384166	3.5297
-1.48418	-0.453301	4.15039
20.0231	10.6147	-159.13
-2.12966	0.674395	4.83236
-0.322443	-0.431293	5.79814
-0.170985	0.49589	4.02832
-9.61364	-3.1954	71.4185
-0.659766	0.627176	4.96214
-0.336773	0.634022	3.54093
-1.08967	0.745546	3.21747
-0.458003	0.327854	4.6545
-0.49104	0.39964	4.27522
-0.368362	-0.649375	5.11127
-178.587	-89.491	396.346
-2.33287	-0.478648	4.75995
-1.04627	0.963893	2.94616
0.766631	0.29023	4.79213
-0.339903	0.708507	3.34249
3.08072	0.786311	-7.80664
-7.31221	9.51704	75.3065
-0.278379	0.0655654	1.48652
-0.27039	0.616463	3.58798
-0.324644	0.625954	3.56133
-0.197418	-0.898055	3.82142
-1.09379	0.743343	3.21711
-1.4187	0.437788	3.51871
-0.33935	-0.645712	5.03032
-0.507486	0.396476	4.27149
-0.21766	0.0416205	0.870857
-0.31999	0.27082	1.54082
-0.387559	-0.454515	5.61354
-0.430627	-0.663915	5.17213
-6.8349	-2.30713	50.7776
0.238771	0.397453	3.79726
0.659294	-0.217156	4.69933
-0.272969	-0.505252	5.53785
-0.230369	0.683933	3.3754
-0.180684	-0.543279	5.15175
14.4589	7.26163	-136.19
-0.0144925	-0.0124138	0.179604
-1.47762	-0.434739	9.9278
-0.498318	-0.506863	5.15384
4.16313	-5.3872	-44.1395
-0.297455	0.249721	1.16436
-10.7096	-3.11762	28.5302
-0.274866	0.044391	1.45956
0.135905	0.00150262	2.10836
-0.00276341	0.00695698	-0.103189
0.00826414	-0.00476451	-0.0952812
-0.171834	0.330698	1.88828
0.0160588	-0.00946903	-0.0949077
-0.252996	-0.624303	4.94261
-0.47123	0.334895	4.60297
-0.660118	-0.0455668	6.63226
-1.42135	0.445217	3.51155
-0.133272	0.201021	2.13019
-0.185311	0.0101002	1.79021
6.54235	-12.7564	-72.8327
-0.24425	-0.608023	4.99362
-0.172525	0.194277	1.91987
-0.486763	0.429865	4.15455
-0.437493	0.711257	3.34441
-0.281426	0.705145	3.32019
-0.449316	-0.523379	5.18442
0.0732154	0.207272	3.24829
32.9699	9.31254	-63.9987
-0.0658499	1.02067	6.91424
-0.42502	0.284904	4.90408
-0.314006	0.596956	3.62314
-2.10954	2.10833	12.9498
-0.267696	-0.657898	4.76409
-0.336709	0.689451	3.36709
-0.492246	0.0384568	8.07592
-0.483798	0.293896	4.74755
-0.35423	0.00823792	1.23569
0.340639	-0.779685	3.97412
-0.673612	-0.101606	1.31712
-33.3118	-6.17385	64.2597
-1.96357	0.0868835	3.64911
-0.588031	-0.729512	4.64235
-5.6415	-1.92108	33.0906
-0.466415	0.376025	1.8982
-1.06828	0.731575	3.21403
-0.355192	-0.091979	1.14519
-1.62567	0.483306	5.12597
-1.12458	1.03245	2.84532
1.65368	0.0706199	3.08962
-0.215327	0.604966	3.58878
-0.910328	1.03999	2.83633
-0.495961	-0.113114	9.13612
-0.00574844	0.00336871	-0.162254
-1.17737	0.669485	3.27567
-0.866041	0.112859	6.23692
-0.350295	-0.0546539	0.711982
-0.223932	0.603317	3.59525
-0.261735	0.620183	3.55067
-1.62478	0.430768	3.4633
-1.61416	0.320933	3.56215
-1.17049	0.58271	5.3204
-0.220357	-0.701054	4.66481
-0.438233	0.283781	4.88476
-0.189761	-0.611452	4.81278
-360.986	-194.212	804.746
1.31231	0.824128	-9.85617
-0.489417	0.655832	3.43968
-8.0992	-1.92779	16.6936
-1.97154	1.97513	12.363
0.929559	-0.846992	2.38174
0.769527	0.128573	-1.6729
-5.44679	-1.66467	23.0782
12.0237	4.31252	-37.4444
-1.52027	0.0648285	4.79365
-1.64332	0.718148	5.20038
-1.39162	0.39924	3.53459
-0.324798	-0.0433159	1.24812
-1.51374	0.301819	3.58658
-0.442472	0.278344	4.90701
-0.439938	0.355881	1.8357
29.6913	5.52406	-57.0352
-0.379454	-0.671371	4.96297
-6.95505	-2.1299	29.5261
-0.271641	0.620565	3.55286
0.136728	-0.329187	-1.78659
-1.27548	-0.320119	4.52024
-0.164618	-0.54507	5.05407
-1.29571	-0.436182	4.31904
2.41074	0.755751	-17.983
-0.823795	0.438239	7.72583
-0.201385	-0.719847	4.35091
-0.165051	0.484672	4.04536
-1.15873	-0.478756	4.38345
27.8354	13.3291	-191.93
-0.248354	0.175941	1.63023
-0.386182	-0.554684	5.14322
-1.18473	0.670909	3.27531
-0.290797	-0.655631	4.84661
-1.01376	0.434668	3.62799
-0.446415	0.675852	3.39959
-48.5213	-8.23234	97.5635
26.2567	7.57168	-66.5353
-0.357265	0.14774	6.06532
3.16891	2.0333	-24.132
-0.465965	-0.520456	5.16755
-0.245904	-0.0853274	1.36927
-0.496162	0.32278	4.58246
-0.271336	0.619868	3.54886
-0.38518	0.0144936	1.17934
-1.40441	0.399619	3.52937
-1.14716	0.657724	3.29748
-36.6805	-13.6314	113.144
-0.200162	0.119997	1.80477
-0.131381	0.10731	2.36245
-0.124141	-0.044294	2.0392
-0.260891	0.111749	1.55737
-1.66915	0.329404	3.54888
-1.30154	0.744066	3.16611
-1.08841	0.710008	3.23892
-0.209816	0.126721	1.76602
-4.30851	-1.3264	32.0093
-0.359052	0.0121734	1.23268
-0.313099	0.602666	3.59019
-0.507643	0.316385	4.57721
28.6544	8.23717	-73.2225
0.913365	-0.668759	2.43625
0.796445	0.14487	2.60121
-0.167985	0.0734188	1.99866
-1.31213	0.768132	3.13168
-1.18157	0.676629	3.26304
-0.678567	0.287979	4.4188
-0.407603	-0.685204	4.94253
-0.211494	-0.737189	4.29069
-0.285033	0.105549	1.47639
-1.11615	0.135028	5.42613
-0.473933	0.673027	3.40115
-0.172117	0.144713	0.80879
-1.30907	0.745159	3.16013
-1.19432	0.396818	5.48987
-0.194066	-0.732791	4.26509
-0.467587	0.22772	5.13832
0.0157698	-0.00224785	-0.155478
-1.1271	0.653563	3.30279
-0.314643	-0.0737061	1.22936
-0.512012	0.23367	8.57368
0.272818	0.0694066	1.48966
-0.711318	0.129005	7.10601
-0.218661	0.112207	1.73178
-0.589453	0.355425	4.28263
-0.408717	-0.616376	5.36281
-0.156213	0.179438	2.0497
-0.198234	-0.637782	4.71002
-0.50188	0.384746	4.28357
-16.0105	-5.89965	68.0609
-0.137346	-0.74167	4.12039
-0.322842	-0.68991	4.64362
-1.43828	0.679734	5.17189
34.3558	13.9386	-206.135
-1.13091	0.971317	2.88919
-1.90105	0.362104	4.75262
-1.31281	-0.21146	4.62568
-0.811371	-0.529155	4.6301
-1.52091	0.342808	5.0697
-1.47842	0.302481	3.56859
-0.235802	0.598048	3.58829
1.94142	0.537826	-4.00489
-1.33973	0.0329057	4.93585
-1.61047	0.288189	3.55998
-1.64198	0.294542	3.55481
-0.122547	-0.576424	4.76571
2.16705	0.41929	-4.63421
-0.871062	0.99667	2.86713
-0.543497	0.332839	4.42381
-1.04043	1.00232	2.85833
-1.42963	0.87695	2.96076
0.308755	0.308755	3.81403
-0.938627	-0.633104	4.28877
-1.6406	0.303514	3.54888
-1.45154	0.281847	3.5828
-1.29283	-0.0836161	4.82401
10.5948	4.25362	-82.404
-0.523174	0.442451	3.99806
-0.766499	-0.157747	1.83991
-1.17384	0.641698	3.28674
-0.134434	-0.577059	4.80121
-0.320813	0.664309	3.40256
-0.488111	0.206091	5.17693
-0.231664	-0.723223	4.35927
-0.152045	-0.683785	4.36194
6.76497	3.88301	-49.1229
-1.12838	-0.630031	4.13975
-0.0863701	-0.592376	4.58023
-1.11572	-0.498576	4.37274
-0.874613	-0.49764	4.62409
-0.27885	-0.646968	4.83155
5.41276	3.46088	-25.4004
-1.12935	0.791846	4.00886
-0.894071	0.258452	6.49222
-1.04129	1.00315	2.86068
-0.680721	0.521435	7.88915
-0.468525	0.264396	4.89796
-1.64665	0.289407	3.55495
-0.132929	-0.651742	4.45643
-0.244297	-0.717161	4.39293
-1.28376	0.573814	5.27218
-0.129162	-0.579687	4.76865
-261.102	-147.996	584.457
-1.22526	-0.526956	4.23923
-1.19706	-0.19063	4.78673
-1.07413	0.69029	3.23978
15.1099	9.57363	-70.7496
-0.754517	0.355781	7.77623
-1.04104	1.00291	2.86
-0.346101	-0.699536	4.69517
0.919832	-0.694005	2.407
-1.9054	-1.27125	14.5136
-1.30405	0.714176	3.17221
-0.24465	-0.718196	4.39927
-0.590189	-0.695436	4.43885
-0.164122	-0.64167	4.57638
-1.11829	-0.779095	10.0258
-1.42196	0.354633	3.54417
-1.16736	0.642672	3.28712
-0.973555	-0.511179	4.48867
-0.187561	0.594693	3.58487
-0.509668	-0.138809	6.91411
0.28978	0.331123	3.8106
-2.05503	0.479634	4.71585
-1.47761	0.298119	3.56586
-0.491161	0.298746	4.67849
-0.428737	0.254974	5.03011
-1.00682	0.462907	6.01014
-1.45069	0.276225	3.58636
6.95896	3.91823	-56.6891
-1.3973	0.365949	3.54079
-0.14708	-0.753225	4.10117
14.3601	5.8603	-109.908
-0.848649	0.408583	7.38874
-0.155339	-0.692872	4.33148
-0.235171	0.563077	3.70287
-0.273011	-0.630172	4.90926
-1.07767	0.715662	3.20695
-0.253538	-0.535194	5.31388
-340.955	-189.784	756.698
-1.52537	0.0757296	4.79273
-0.377832	-0.321655	3.97264
0.919581	-0.698808	2.40717
-0.542601	0.598711	3.53339
0.709926	-0.601632	-2.80504
-0.608965	1.25813	8.9225
-0.534959	0.331727	4.44368
-0.162813	-0.939643	3.65441
-0.100232	0.294369	1.70545
-284.635	-160.558	636.165
-0.454848	0.249945	4.99833
-0.162152	-0.769246	4.0728
-0.118622	0.1979	2.4065
-0.621195	0.629446	4.96457
29.8486	-43.7606	-388.746
0.800782	0.622131	-8.29049
21.3156	10.3314	-152.97
-0.261759	0.544802	3.77237
-1.19921	1.31004	16.4603
-0.571463	-0.188368	6.35928
-1.11007	0.635789	3.30805
-1.0899	0.617574	5.12376
-136.334	-54.4566	423.507
-1.06503	0.669888	3.24139
-1.08237	0.654387	3.25643
-0.706664	-0.587988	5.6641
-0.423181	0.21408	5.22753
-0.103127	-0.655889	4.33134
-0.207582	0.588717	3.57314
32.6807	9.70618	-61.8243
20.0289	9.63222	-160.537
67.1801	22.2711	-173.308
2.8944	0.755437	-7.01877
1.11776	-0.0788292	2.12233
-0.543462	0.543462	3.63462
-0.1723	-0.725262	4.20732
-1.59798	0.266894	3.54732
1.14513	-0.19119	2.11316
-151.337	-65.8975	477.188
142.316	46.1831	-277.23
-1.36898	0.249217	3.58462
-1.15475	1.07619	2.7494
20.1755	10.6238	-102.34
-0.211708	-0.626116	4.72966
-1.59111	0.385424	3.45894
0.951591	-0.885355	2.31826
49.0848	21.8863	-223.113
-1.60069	0.263062	3.55032
-0.23254	-0.753556	4.1953
-0.231763	-0.713563	4.36112
-0.101169	-0.657184	4.31817
-4.40283	-1.248	9.16169
-0.706382	-0.593534	5.69663
-1.41651	0.32668	3.53622
-0.107061	-0.601455	4.56967
-8.04575	-4.98006	64.8818
-1.02161	0.894399	2.95506
-0.438543	1.03263	2.73114
-0.175257	-0.300645	7.4805
-0.18303	0.579253	3.59891
-1.54031	0.337465	3.50829
-8.61051	-5.3049	58.6323
-0.403419	-0.757559	4.38499
13.2639	3.90772	-27.3389
-23.722	-9.87715	101.498
-0.657005	-0.135492	1.42819
-0.396305	-0.751255	4.39502
-1.63775	0.278145	3.53574
-1.47331	0.270303	3.56019
-0.998195	0.38659	3.64381
-0.104502	-0.663153	4.29291
-4.47901	-1.04712	10.8228
-1.37392	0.232602	3.58111
-0.205928	-0.558179	5.04726
-0.206061	-0.741466	4.20287
-0.143946	-0.278877	7.63349
-1.01973	0.913685	2.93027
-0.704648	-0.60171	5.72486
2.062	0.407031	-4.32363
-0.639965	0.286614	4.41268
-0.213734	0.59289	3.56223
0.928662	-0.763531	2.33299
-0.250501	-0.672028	4.59514
-1.64578	0.250271	3.55307
-1.43813	0.261243	3.56983
-5.0693	-3.51773	24.0456
-0.262111	-0.771374	4.17754
20.1519	9.80443	-160.153
-0.137874	-0.700337	4.23299
-0.292324	0.553573	3.69095
60.4378	20.802	-155.743
19.8956	9.51383	-155.406
-0.13856	-0.694483	4.25402
-0.205701	0.552736	3.6989
-1.11086	0.994116	2.83863
-1.48923	0.251153	3.56559
-1.13978	0.612836	3.30124
-0.472695	0.29682	4.64832
-0.88557	-0.609065	4.14702
-0.104118	-0.597902	4.58728
-0.301091	0.561169	3.67441
-0.338303	-0.248749	2.64252
-144.299	-63.4399	452.452
-0.130555	-0.759907	4.00827
0.937226	-0.766158	2.35126
-0.702459	-0.598944	5.72239
-0.356346	0.0442569	7.46862
-1.29067	0.694929	3.17013
-1.16525	0.627385	3.2751
-0.291685	0.559259	3.67777
-0.217746	-0.740813	4.21491
-0.24401	-0.643609	4.72329
-0.134271	-0.706275	4.2075
-0.229606	-0.52843	5.24672
-0.672919	0.215829	4.67027
-0.449966	0.21399	5.15959
-0.547704	0.570537	3.56662
-0.141946	-0.967421	3.5653
-0.164797	-0.606865	4.69876
-0.392914	0.0258609	7.27209
-1.08006	0.671211	3.23691
0.823309	0.0930146	2.53216
-121.668	-71.9697	274.84
-3.94439	-2.33558	28.8981
-0.676496	0.228763	4.57475
-0.299151	-0.65837	4.78169
-0.232777	-0.558896	5.11587
-0.543797	0.57989	3.54118
-0.399386	0.0316336	7.02225
-1.29687	0.698725	3.16692
-0.178703	0.611421	3.49121
-0.386809	0.653558	3.40051
0.380549	0.209344	3.75888
-1.16533	0.629052	3.273
-0.14822	-0.492322	5.21202
-0.276668	0.573817	3.63018
-0.0893617	-0.701016	4.13493
-0.234591	0.541534	3.74974
-0.396715	0.650768	3.38599
1.3405	0.6266	1.6575
1.3303	0.6256	1.6464
1.323	0.6252	1.6384
1.316	0.6254	1.6302
1.3066	0.6256	1.6196
1.2991	0.6257	1.6118
