271	2
-1.6705	0.443551	3.17167
-0.523458	-0.117159	3.50068
-1.35503	0.451158	3.36344
-1.72646	-0.192379	3.41373
-1.81558	-0.42718	3.47222
-1.54395	0.378304	3.34245
-1.63549	-0.192387	3.41387
-0.574686	0.372247	3.65698
-0.215455	-0.537689	3.83386
-0.193809	-0.553068	3.83899
-1.64701	-0.17922	3.4108
0.574153	-0.0100907	1.20363
-0.156468	0.0254995	3.8197
-0.414188	0.265164	3.71686
-0.212132	-0.480989	3.9074
-0.730558	-0.205072	3.40909
1.66353	-0.809172	3.22908
-0.509432	1.00648	5.11651
0.256605	-0.188868	0.709819
1.95555	-0.143119	3.97056
-0.240618	0.68072	3.55803
-0.520217	-0.202617	3.47899
1.33291	0.0147213	2.80701
1.71036	-0.756041	4.3887
-1.61607	1.33473	4.98484
-1.11423	1.05857	3.08033
-0.195354	-0.550375	3.84063
-1.44926	-0.215183	3.40411
-1.16406	0.407261	2.91426
-0.161108	-0.261392	2.31556
-1.35901	-0.291999	3.39249
-0.418176	0.266411	3.71455
-1.39091	0.440097	3.35726
-1.13371	-0.325123	3.4146
-0.179028	0.491772	3.685
-0.402682	-0.464567	3.65104
-0.781425	-0.355862	3.41001
-1.43397	0.387644	3.36826
-0.362485	0.243348	3.09875
-0.309751	0.240053	2.97122
-0.564114	-0.163453	3.46369
1.79704	-0.434051	4.34889
-1.49476	1.60222	4.82203
-0.390672	-0.099259	4.05489
-1.31833	0.205442	3.08926
0.5608	-0.90437	2.38809
-0.268837	0.294087	2.62832
0.165714	0.235154	3.05219
1.40017	-0.124497	3.11415
-0.260357	1.25043	4.46092
-0.633132	-0.123433	3.45149
-0.33344	0.807792	3.45259
-0.299027	0.404233	3.84199
-0.986497	0.558821	2.8205
-1.79879	-0.432178	3.47198
-0.269771	-0.494165	3.80083
-0.448465	0.03393	2.56577
0.150082	-0.0800379	3.11754
-0.233658	-0.399439	3.89425
-1.79414	-0.238544	3.42673
-0.580309	0.367365	3.65554
-0.759	0.316849	2.84812
-0.0836442	-0.0487237	2.66968
-0.370489	-0.0395774	0.8869
1.76549	-0.449428	3.40758
-0.0286502	-0.0906529	3.0529
-0.315025	0.244141	3.44562
-0.30905	0.694531	3.53461
-0.066359	-0.0740294	2.94671
-0.211511	0.204674	3.41914
0.132643	0.312491	3.12226
-0.274095	0.643228	3.26561
-1.723	-0.200325	3.41614
-1.37597	0.368702	3.3923
-0.154287	-0.382574	4.05431
-0.181682	0.494415	3.70478
-1.06511	0.639673	3.18199
-0.357561	0.0238946	2.19105
-0.29883	-0.438721	3.77292
-0.499988	-0.119198	3.51382
-1.71134	-0.344198	3.4493
-0.482787	0.253401	4.12839
-1.31484	0.391729	2.76748
-0.243469	0.691637	3.53958
-0.3607	0.669682	3.54677
-0.14184	-0.00519249	0.90539
1.77513	-0.259897	3.54096
0.832694	-0.441563	1.66347
-0.285094	-0.493883	3.78281
-0.240739	0.314348	3.12402
-0.307222	0.379577	3.00329
-0.39099	0.298777	3.72408
-0.201688	-0.655373	2.82654
-0.242727	-0.306226	3.74887
-0.96076	0.374471	1.85182
0.877517	-0.376609	2.59694
0.877517	-0.376609	2.59694
-0.247124	0.593283	3.09685
-0.216173	0.555056	2.80454
-0.295432	-0.436819	2.82243
-0.195598	-0.227936	3.52928
0.994189	-0.0918201	2.03963
-0.329538	-0.0594149	3.98405
-1.23519	0.259606	3.11153
-0.606295	0.302147	3.61912
-1.21492	0.753017	3.29868
-0.425273	0.321382	3.70241
-1.72061	-0.209862	3.41885
-1.17749	0.728294	3.2851
-1.39205	0.435138	3.35927
-0.263189	0.1812	3.82619
-1.54189	0.367608	3.34848
-0.44671	0.379794	3.67824
-0.46114	-0.146829	3.52929
-0.226994	-0.550279	3.81054
1.76545	-1.44249	4.59557
-1.97236	0.962189	5.48615
-0.178102	0.112011	4.14071
-1.33387	0.516632	3.07895
-1.58932	0.386708	3.32319
-0.516518	-0.077059	3.52665
0.65062	-0.510501	1.83219
-0.588441	0.307548	3.62656
-0.478962	0.397287	3.68794
-0.574811	0.336603	3.63091
-1.12406	0.796769	3.25563
-0.220113	0.572525	3.03601
-0.159805	0.546782	2.84474
-0.176485	0.474455	3.698
-1.13411	-0.331017	3.41486
-0.175951	-0.342264	4.02096
-0.835452	-0.168735	3.40708
-1.39475	0.430866	3.36043
-0.953615	-0.421813	2.85488
-0.279671	-0.678293	3.05537
-0.521746	0.746256	3.46885
-1.33221	0.831519	3.12065
-0.782346	-0.357509	3.41023
-0.0294669	-0.0620684	3.35838
-0.604257	0.331001	3.39143
-1.13456	0.783956	3.26118
-0.259871	-0.239656	3.80774
-0.353756	0.755811	3.48754
-0.160695	-0.388322	4.03636
-1.12406	0.796769	3.25563
-1.37115	0.471614	3.34819
-0.00487989	-0.139513	3.02869
-0.300982	0.223012	3.49943
-1.54785	-0.727129	3.38747
-0.588441	0.307548	3.62656
-0.395971	0.242743	3.72945
-0.222198	0.155146	3.16159
-0.379279	0.294943	3.12472
-0.258022	-0.486519	2.78384
-0.166666	-0.243152	3.59478
-0.217991	0.487492	3.70847
-0.227699	-0.446143	3.87412
-0.222337	-0.338887	3.90938
-1.01374	-0.228666	3.5503
-0.913094	-0.436509	2.80073
-1.01152	0.334229	3.71152
-0.937307	-0.0233051	2.38658
-0.754819	0.317511	1.74127
0.988825	-0.293035	2.79316
-1.30646	0.773088	3.0754
-0.243702	-0.0824305	1.93976
-0.362918	0.187406	3.75327
0.211043	0.273152	3.96843
-1.09611	0.862066	3.25566
0.591283	-0.41918	1.70458
-0.564569	0.588184	3.22996
-0.373361	0.355903	2.57185
-0.602014	0.151038	2.90095
-0.160223	-0.0359862	2.89082
-0.348449	-0.00568146	3.21685
-0.481204	0.110311	3.14422
-0.482413	0.393756	3.68764
-0.11142	0.376708	3.07247
-0.231668	0.501524	3.05516
-0.26215	0.12828	3.96792
-1.16989	0.429098	3.02764
-0.407039	-0.147146	3.57822
0.0238073	-0.165371	3.38874
-0.653289	0.306726	3.49838
-0.463143	0.681061	3.93407
-1.02489	0.647518	2.50002
-0.173557	-0.161317	3.02758
-0.319409	0.0883755	3.39715
-0.460435	0.351062	3.67959
-0.209577	-0.747603	3.34887
-0.342681	0.464251	3.12681
-0.283535	0.407782	2.82576
-0.298979	-0.346804	3.75478
-0.559111	-0.0645178	3.51072
-0.609042	0.614439	3.53008
-1.14656	-0.323301	3.41658
-0.342451	0.680263	3.54158
-0.26354	-0.229672	3.7981
-0.945362	0.921765	3.08449
-0.186898	0.275353	2.08586
-0.524102	0.651941	3.28516
-0.408446	0.439546	2.54899
-0.0263769	-0.547803	3.22303
-0.586589	-0.0211628	3.7519
0.040734	-0.14694	3.35535
-0.615191	0.323575	3.50082
-0.426253	0.312164	3.06962
-0.270868	0.234137	2.8812
-0.553107	-0.0921493	3.49799
-0.457017	0.330693	3.68578
-0.33303	0.460753	3.13769
-0.29407	0.414741	2.83379
-0.498725	0.476335	3.78054
-0.927142	0.451288	2.63673
-0.099386	-0.398913	2.92462
-0.268965	-0.0404882	3.62824
-0.290187	0.159868	3.80718
-0.499748	-0.00616255	3.66331
-0.926612	0.102416	2.99005
-0.394	-0.193024	3.01017
-0.328776	-0.0932971	3.26749
-0.391979	0.54174	2.59002
0.250264	0.304316	2.79523
-0.386837	0.207814	3.73682
-0.29223	-0.689517	5.20467
2.16126	-0.242821	4.2891
-2.4501	0.159514	4.53824
-0.65177	-0.331289	4.73405
-0.60751	-0.12185	4.40056
-0.23389	0.474143	2.20932
-0.338877	0.491479	2.42042
-2.50578	-0.347401	4.99303
-0.134334	0.391169	2.99619
-0.18961	0.456178	2.45312
-2.48835	-0.521289	5.11336
-1.62506	-0.521004	4.99841
-0.995388	0.657578	2.91433
-0.356725	0.268384	3.56804
-1.81741	0.440021	3.95257
-0.14178	-0.0125729	4.25821
-0.152109	0.446291	2.45004
-1.28962	0.832611	2.64298
-0.104103	0.292029	1.54449
2.06382	-1.62627	5.61654
-0.228043	0.470786	2.20144
-0.188396	0.447557	2.40166
-0.140012	0.412376	2.23961
2.19295	-1.95222	5.82343
-1.24379	0.733428	2.98878
-0.181932	0.456185	2.54206
-0.244905	0.453763	2.59519
-0.302784	-0.703542	5.25016
-1.6574	-0.531364	5.09784
-1.48803	0.467356	3.74876
-0.139768	0.39593	3.01511
-0.391975	0.289869	3.48282
-0.439566	0.405672	3.09016
-2.52467	-0.359299	5.05026
-0.188524	-0.467458	4.96005
-0.614508	-0.124995	4.40505
-1.53553	0.450399	3.76229
-0.548535	0.319298	3.45676
-0.179526	0.448423	2.5245
-0.434878	0.492058	2.64903
-0.200198	0.453346	2.4389
-0.628866	-0.206175	4.59834
-0.695887	-0.245393	4.62462
-1.2369	0.722572	2.97224
-1.82416	0.43095	3.9633
-1.64076	-0.529157	5.03251
-0.597257	-0.317092	4.74804
-2.52774	-0.359735	5.0564
-0.267928	-0.359169	4.82181
-0.130807	0.379001	3.07727
-0.496456	-0.16532	3.68919
-0.430034	0.495216	2.61952
-0.242916	0.457388	2.55167
-0.966166	0.661544	2.85589
-0.35035	0.250774	3.56125
-0.388039	0.315884	3.37914
-0.376662	-0.664878	5.2294
-2.58017	-1.29274	5.72578
-2.55538	-0.525389	5.2145
-0.800467	0.738577	2.25841
-0.540887	0.32081	3.43228
-0.218982	0.456414	2.14967
-2.00911	-0.513005	5.09149
-0.399106	0.281391	3.47565
-1.89275	0.41746	3.9924
-0.193666	0.441338	2.56575
-0.23212	0.447578	2.54364
-0.294721	-1.34176	5.70778
-0.967373	0.657927	2.8484
-1.51472	0.467303	3.75878
-0.342767	-0.653071	5.08393
-0.404867	0.316375	3.40854
-2.0736	-0.342363	4.94964
-0.249905	0.131915	3.93649
-0.49115	-0.247147	4.62793
-0.431683	-0.666308	5.18716
-0.613545	-0.207436	4.55946
0.209727	0.349284	3.3381
-0.21398	0.458818	2.20915
-0.237751	-0.440966	4.82774
-0.146906	0.435228	2.1439
-0.177414	-0.534775	5.0657
-0.49563	-0.249406	4.67016
-0.294429	-1.34043	5.70212
-0.680056	-0.200711	4.57077
-0.260776	-0.834936	5.29484
-0.407308	0.284703	3.38415
-1.23421	0.756259	2.9159
-1.91751	-0.55829	5.10849
-1.51526	0.474521	3.74548
-0.413438	0.334477	3.30495
1.97212	-1.38495	5.43135
-0.500597	-0.243083	4.63419
-0.296769	0.48802	2.26766
-0.366244	0.486036	2.38538
-0.263994	-0.652538	5.16195
-0.367654	0.261268	3.59209
-0.359553	0.207028	3.71974
-1.51369	0.47403	3.7416
-0.0914433	0.354122	3.20984
-0.671016	-0.146865	4.43656
-0.227387	0.45178	2.52745
-0.248637	-0.620033	5.08794
-0.364433	0.184084	3.77031
-0.383679	0.338944	3.27531
-0.293663	0.477809	2.24388
0.0300996	0.23802	2.74278
0.0672489	0.435755	3.28814
