1196	11
-1.80067	0.478658	3.41899
-0.655797	-0.146197	4.3859
-1.41609	0.472029	3.51511
-1.30197	-0.144663	2.57451
-15.4838	-3.63814	29.6138
-1.63655	0.401546	3.54305
-1.06826	-0.125303	2.22997
-0.641198	0.415807	4.08035
-0.269034	-0.670305	4.78789
-0.236811	-0.674687	4.69153
-1.1915	-0.129255	2.4676
1.05829	-0.0181663	2.21798
-0.323311	0.0526321	7.89481
-0.5139	0.329423	4.61192
-0.274468	-0.621165	5.05599
-0.564084	-0.157944	2.63239
0.31217	-0.136458	1.17765
1.3613	-0.372348	3.12772
-0.235261	0.666021	3.47921
18.1761	7.06206	-121.56
1.05299	0.012249	2.21749
0.344673	0.172198	7.3024
-1.05957	1.00713	2.92931
-0.239292	-0.673063	4.70517
-0.264602	-0.0391873	0.621549
-1.2243	0.0757198	5.16271
-3.06659	-0.657612	7.65551
-0.517934	0.330391	4.60094
-1.45731	0.46165	3.51765
2.92532	0.837407	-8.8109
-0.191492	0.526417	3.94249
-0.599009	-0.69005	5.43143
54.4674	24.7661	-237.7
-1.51404	0.409841	3.55647
0.208788	0.100443	-1.55292
0.0907576	0.0262177	-0.557282
0.348488	0.639482	6.16014
-1.38129	0.119241	5.00811
0.629695	-1.01476	2.68118
-0.206058	0.738726	7.35923
-0.0849098	-0.148687	1.98123
-1.08302	-0.210306	5.90431
-0.314665	0.762767	3.25836
-1.03702	0.700621	4.62907
-13.7502	-3.29916	26.5419
-0.360013	-0.658382	5.07265
-0.686608	0.199154	7.5004
-0.32856	-0.560534	5.476
-1.14095	-0.151347	2.17929
-0.648703	0.411141	4.0865
-0.0424953	0.0033	0.204304
0.233465	-0.339607	6.24715
-0.160126	0.0877913	1.99872
-0.301993	0.679123	3.45417
-0.11572	-0.0199978	2.19641
-0.0209669	0.0303568	0.187014
-1.238	-0.14354	2.45467
-1.45371	0.390085	3.58409
-0.206088	-0.509753	5.41522
-0.193419	0.526754	3.94502
-0.28179	0.039828	1.40334
-0.428863	-0.628545	5.41494
-0.322296	-0.0765399	2.26513
94.6988	19.0154	-190.886
-1.52805	0.531155	5.22242
-0.237466	0.675044	3.45269
-0.356202	0.661778	3.50278
0.772457	-0.148305	4.46138
1.10395	-0.584977	2.20507
-0.384121	-0.664356	5.09714
-0.188458	0.167806	1.79513
-0.473809	0.362466	4.5132
-0.281602	-0.739176	4.52778
-0.0210754	0.00639166	-3.54342
-0.289404	0.22753	1.42825
-0.305632	-0.632419	4.91416
1.09002	-0.10009	2.23606
22.0227	-1.7621	-107.062
-0.704153	0.35142	4.2034
-1.19407	0.74059	3.24213
-0.503906	0.381231	4.38724
-1.15849	-0.140929	2.30204
-1.17023	0.724307	3.26494
-1.45948	0.45676	3.52211
-0.365398	0.251816	5.31278
-1.63607	0.390615	3.55314
-0.506972	0.431462	4.17467
2.51659	0.798776	-19.2613
-0.282709	-0.68427	4.74648
-0.0331271	0.00749514	0.165005
-0.281529	0.105405	1.44249
-1.68584	0.410745	3.52516
-0.834549	-0.123778	5.69832
0.888773	-0.696822	2.50247
-0.683739	0.357855	4.21402
-0.533474	0.442945	4.10786
-0.657801	0.385689	4.15528
-1.10436	0.783297	3.19865
-0.127174	0.157355	2.23394
-0.190761	0.513232	3.99814
20.9398	6.10135	-63.0542
-0.247176	-0.479635	5.64821
-0.480962	-0.0968395	1.96152
-1.46323	0.452565	3.52554
-1.20945	-0.562572	4.20161
-0.504829	0.722522	3.35649
-1.32838	0.829629	3.1118
54.7187	24.9663	-238.531
-0.84749	0.408136	7.32827
-1.11709	0.772384	3.21106
-0.321848	-0.296141	4.71576
-0.339345	0.725478	3.34565
-0.214875	-0.517995	5.39707
-1.10436	0.783297	3.19865
-1.42977	0.492315	3.49145
-0.549898	0.286837	8.34685
-133.754	-62.7836	292.741
-0.683739	0.357855	4.21402
-0.502517	0.308472	4.73324
-0.526655	0.199545	5.72772
-0.0767931	-0.180494	1.47892
-0.233231	0.52196	3.96845
-0.307818	-0.601979	5.23755
-0.324095	-0.492899	5.69844
-0.373743	-0.11722	1.07922
-0.0350819	-0.00121272	0.204753
-0.0252659	-0.237906	8.88452
-1.16918	0.475259	4.56816
-0.488214	0.252498	5.04939
-0.178919	0.25591	1.81488
0.878971	-0.622602	2.53347
-0.219065	0.207562	1.67464
-0.747327	0.0482792	6.56988
-0.203705	0.0438722	1.70177
-0.538243	0.439767	4.11459
-0.0323412	0.00587609	0.204912
-1.33744	0.48002	5.34436
-11.3682	-4.09711	99.9401
-0.282789	0.135563	1.44817
-0.481735	0.405419	1.86153
-0.560136	-0.0683371	7.0347
-0.531592	0.405756	4.24846
-0.246698	-0.879347	3.94326
-0.0249318	0.0202528	0.157966
-0.454696	-0.52642	5.71048
-0.93891	-0.107573	5.89577
-0.61312	0.619023	3.55383
0.912478	0.256855	-2.71921
-0.336728	0.669343	3.48263
-0.284263	-0.247167	4.09668
-0.257774	0.295764	1.52088
-0.0346407	0.0270514	0.185125
-0.174366	-0.0479801	1.68447
-0.390745	0.0220891	8.99253
-0.906836	0.716044	7.97215
-0.935404	-0.155055	5.916
-0.535326	0.387798	4.31754
-0.184479	0.138795	1.82223
-1.28191	0.747078	5.05355
-0.102473	-0.121887	1.69974
-0.40936	0.225817	5.37124
-0.0554053	0.00309499	0.209945
-0.173544	0.0534776	1.88352
-0.138775	0.240016	1.9365
-0.507707	0.273159	4.9047
-0.274359	-0.64637	4.88265
1.09311	-0.121916	2.16969
-0.420804	0.124587	1.15767
23.8521	12.1075	-173.2
-1.08537	-0.295183	4.76834
-5.00317	5.83693	39.7976
-0.475323	0.688733	3.39516
-2.14676	0.107938	4.19758
-0.176614	0.514811	3.94563
32.4491	-37.1434	-144.984
-1.8924	-0.423006	3.89611
38.3125	12.2768	-117.833
-1.10615	0.730243	3.23525
-0.457545	0.344248	4.57545
-1.62105	0.392676	3.52402
-1.30014	0.234125	5.23045
-0.217389	0.638788	3.51166
-1.4396	0.928863	2.94654
-0.251834	0.725251	3.97035
0.902935	-0.711021	2.45744
-0.345401	0.713065	3.33951
-0.611328	0.206795	7.92463
-0.217602	0.64216	3.49362
0.911794	-0.811252	2.42131
-1.31272	0.773708	3.15125
-0.508633	0.122009	8.31877
-0.33664	0.623634	3.57042
-1.15427	0.595916	5.32975
38.8632	12.4533	-119.526
0.0314524	-0.00882642	-0.0925848
-0.182256	0.516767	3.93763
-0.91325	-0.033346	5.64731
-0.546929	0.504464	3.84388
-1.13877	0.0634864	5.28383
-0.212674	0.0479691	1.69019
-0.599668	-0.121636	4.29737
-0.957899	0.595896	5.69016
-0.655101	0.381239	4.12681
0.000397078	3.66498e-05	0.00612774
-0.756508	0.105135	6.74765
16.2964	-22.0608	-178.019
-0.808148	0.486106	7.99016
0.452242	-0.668579	4.10915
-1.31166	0.765884	3.1487
-1.62528	0.384168	3.52972
-1.48418	-0.453301	4.15039
19.547	10.3623	-155.346
-2.12966	0.674395	4.83236
-0.321912	-0.430583	5.78859
-0.170975	0.49586	4.02808
-10.8797	-3.61787	80.826
-0.66006	0.627456	4.96435
-0.336772	0.634021	3.54092
-1.08967	0.745545	3.21747
-0.457895	0.327777	4.6534
-0.491017	0.399621	4.27503
-0.368324	-0.649308	5.11074
-175.034	-87.7108	388.461
-2.17677	-0.447322	4.44166
-1.04627	0.963892	2.94616
0.76663	0.290229	4.79212
-0.339903	0.708506	3.34249
2.43298	0.620944	-6.16525
-7.76158	10.1046	79.9468
-0.27759	0.0653797	1.48231
-0.270389	0.61646	3.58797
-0.324644	0.625952	3.56133
-0.197417	-0.898048	3.82139
-1.09379	0.743342	3.21711
-1.4187	0.437787	3.51871
-0.339314	-0.645642	5.02978
-0.507466	0.39646	4.27132
0.34856	0.0480372	-1.14279
-0.320711	0.27143	1.54429
-0.387543	-0.454496	5.61331
-0.430605	-0.663882	5.17188
-6.62646	-2.23604	49.2287
0.23877	0.397451	3.79723
0.659293	-0.217155	4.69932
-0.272652	-0.504667	5.53143
-0.230369	0.683933	3.3754
-0.180569	-0.542934	5.14848
14.0899	7.07629	-132.714
-0.0144933	-0.0124145	0.179614
-1.35796	-0.400002	9.12451
-0.498313	-0.506859	5.1538
1.00239	-1.29714	-10.6279
-0.298252	0.250389	1.16748
-5.87357	-1.70948	15.647
-0.274168	0.0442783	1.45585
0.135744	0.00150084	2.10586
-0.00276853	0.00696987	-0.103381
0.00828383	-0.00477586	-0.0955082
-0.170044	0.327254	1.86862
-0.859699	0.618088	5.63309
-0.252951	-0.624192	4.94173
-0.471142	0.334832	4.60211
-0.660319	-0.0455806	6.63428
-1.42135	0.445217	3.51154
-0.132585	0.199986	2.11922
-0.184957	0.0100809	1.78679
6.9345	-13.5148	-77.1686
-0.244193	-0.607882	4.99246
-0.171431	0.193045	1.90769
-0.48675	0.429854	4.15444
-0.437493	0.711256	3.34441
-0.281425	0.705145	3.32019
-0.449311	-0.523373	5.18436
0.0733908	0.207768	3.25607
60.9607	17.24	-118.316
-0.0658499	1.02067	6.91424
-0.424781	0.284743	4.90131
-0.314004	0.596953	3.62313
-2.26282	2.26278	13.8944
-0.267678	-0.657853	4.76376
-0.336708	0.689451	3.36708
-0.491124	0.038369	8.0575
-0.483653	0.293808	4.74613
20.8931	-3.29497	-67.8347
0.340639	-0.779685	3.97412
-0.675015	-0.101818	1.31986
95.1345	17.6304	-183.269
-1.9637	0.0868893	3.64935
-0.588033	-0.729515	4.64237
-5.4164	-1.84576	31.7721
-0.467342	0.376772	1.90197
-1.06828	0.731573	3.21403
-1.55701	-0.228081	6.92153
-1.62567	0.483308	5.12599
-1.12458	1.03245	2.84532
1.65368	0.0706199	3.08962
-0.215325	0.604962	3.58876
-0.910328	1.03999	2.83633
-0.490235	-0.111808	9.03065
0.140777	0.11867	-1.95303
-1.17737	0.669484	3.27567
-0.866036	0.112858	6.23689
-0.35131	-0.0548115	0.714045
-0.223931	0.603313	3.59522
-0.261734	0.620181	3.55065
-1.62478	0.430769	3.4633
-1.61418	0.320936	3.56219
-1.17061	0.58277	5.32095
-0.220356	-0.701053	4.6648
-0.438006	0.283635	4.88224
-0.189726	-0.611338	4.81188
-357.471	-192.321	796.909
2.11777	1.33004	-15.906
-0.489417	0.655832	3.43968
-9.6795	-2.30672	19.9518
-2.09028	2.09523	13.111
0.929559	-0.846992	2.38174
0.692447	0.115558	-1.50532
-7.04673	-2.15548	29.859
16.3856	5.88313	-51.0527
-1.52027	0.0648282	4.79364
-1.6434	0.718182	5.20063
-1.39162	0.39924	3.53459
-0.324418	-0.0432652	1.24666
-1.51376	0.301824	3.58663
-0.442233	0.278194	4.90436
-0.440831	0.356603	1.83942
69.5591	12.939	-133.469
-0.379437	-0.671341	4.96274
-8.2807	-2.53785	35.1557
-0.27164	0.620563	3.55284
0.094119	-0.226817	-1.23093
-1.27548	-0.320119	4.52023
-0.164528	-0.54477	5.05129
-1.29571	-0.436181	4.31903
1.59544	0.500086	-11.9012
-0.823774	0.438228	7.72564
-0.201383	-0.719842	4.35087
-0.165039	0.484639	4.04508
-1.15873	-0.478756	4.38345
27.6504	13.2405	-190.655
-0.247032	0.175004	1.62155
-0.386178	-0.554678	5.14316
-1.18472	0.670907	3.27531
-0.290774	-0.65558	4.84623
-1.01375	0.434663	3.62795
-0.446415	0.675852	3.39959
-35.5714	-6.03468	71.6177
24.3575	7.02894	-61.7226
-0.35596	0.1472	6.04317
2.51493	1.61372	-19.152
-0.46596	-0.52045	5.16749
0.0570101	-0.00755693	-0.257957
-0.496081	0.322726	4.5817
-0.271335	0.619865	3.54885
0.0692602	-0.0051247	-0.203515
-1.40441	0.399619	3.52938
-1.14716	0.657723	3.29747
-38.266	-14.2191	118.035
-0.19929	0.119474	1.7969
0.013544	0.000597361	-0.302658
-0.124092	-0.0442763	2.03838
-0.259859	0.111307	1.55121
-1.66917	0.329407	3.54892
-1.30154	0.744065	3.16611
-1.08841	0.710007	3.23891
-0.0471069	0.123166	13.5558
-2.24392	-0.691305	16.6703
-0.358554	0.0121565	1.23097
-0.313098	0.602664	3.59018
-0.507567	0.316338	4.57652
14.0176	4.03195	-35.8197
0.913365	-0.668759	2.43625
0.796445	0.14487	2.60121
-0.167466	0.0731917	1.99248
-1.31213	0.768132	3.13168
-1.18157	0.676628	3.26303
-0.678559	0.287976	4.41874
-0.407593	-0.685187	4.94241
-0.211494	-0.737188	4.29068
-0.284034	0.105179	1.47121
-1.11614	0.135026	5.42607
-0.473933	0.673027	3.40115
-0.172651	0.145159	0.811292
-1.30907	0.745159	3.16013
-1.19432	0.39682	5.48989
-0.194065	-0.732789	4.26508
-0.467187	0.227526	5.13393
0.015815	-0.0022543	-0.155924
-1.12709	0.653561	3.30278
-0.31434	-0.0736352	1.22818
-0.510505	0.232982	8.54844
-0.0337186	-0.0155348	-0.307171
-0.711108	0.128966	7.1039
-0.217741	0.111735	1.7245
-0.589441	0.355418	4.28254
-0.408652	-0.616277	5.36195
-0.155377	0.178478	2.03873
-0.198213	-0.637714	4.70952
-0.501856	0.384728	4.28337
-17.0046	-6.26489	72.2868
-0.137346	-0.74167	4.12039
-0.162869	-0.0763617	1.68209
-1.43841	0.679798	5.17238
33.5476	13.6107	-201.285
-1.13091	0.971317	2.88919
-1.90105	0.362104	4.75261
-0.292813	0.030752	1.4039
-0.336703	0.0711695	1.31102
-1.52091	0.342807	5.06968
-1.47843	0.302484	3.56864
-0.2358	0.598044	3.58826
3.0624	0.848326	-6.31732
-1.33972	0.0329054	4.93582
-1.61049	0.288193	3.56004
-1.64201	0.294546	3.55486
-0.122514	-0.576269	4.76442
2.17309	0.420456	-4.64714
-0.871062	0.99667	2.86713
-0.543459	0.332816	4.4235
-1.04043	1.00232	2.85833
-1.42963	0.87695	2.96076
0.308756	0.308756	3.81404
-0.938627	-0.633104	4.28877
-1.64062	0.303518	3.54892
-1.45157	0.281851	3.58286
-1.29283	-0.0836158	4.82399
10.2898	4.13118	-80.0322
-0.52317	0.442448	3.99802
-0.717223	-0.147894	1.72172
-1.17383	0.641696	3.28674
-0.134395	-0.576894	4.79983
-0.320812	0.664308	3.40256
-0.487663	0.205902	5.17219
-0.231663	-0.72322	4.35925
-0.152041	-0.683771	4.36185
6.47058	3.71409	-46.9855
-1.12838	-0.630031	4.13975
-0.0863566	-0.592284	4.57952
-1.11572	-0.498576	4.37274
-0.874613	-0.49764	4.62409
-0.278823	-0.646906	4.83109
4.54543	2.90443	-21.3259
-1.13017	0.792416	4.01175
-0.894069	0.258452	6.4922
-1.04129	1.00315	2.86068
-0.68247	0.522775	7.90942
-0.468287	0.264262	4.89547
-1.64668	0.289411	3.55501
-0.132922	-0.651707	4.45619
-0.244296	-0.717157	4.39291
-1.28385	0.573855	5.27256
-0.129129	-0.579535	4.76741
-262.105	-148.564	586.702
-1.22526	-0.526956	4.23923
-0.261833	0.010355	1.48211
-1.07412	0.690288	3.23978
17.0231	10.7811	-79.6965
0.0635312	-0.00334584	-0.260618
-1.04104	1.00291	2.86
-0.346096	-0.699525	4.6951
0.919832	-0.694005	2.407
-1.63693	-1.09141	12.4658
-1.30405	0.714175	3.1722
-0.244648	-0.718191	4.39924
-0.176909	-0.0839829	1.60145
-0.164109	-0.641619	4.57602
-1.29259	-0.899971	11.586
-1.42197	0.354634	3.54418
-1.16735	0.64267	3.28711
-0.214577	-0.166638	1.28935
-0.187559	0.594688	3.58484
-0.509377	-0.13873	6.91015
0.28978	0.331123	3.81061
-0.389537	0.145154	1.23414
-1.47763	0.298123	3.5659
-0.491041	0.298673	4.67734
-0.428394	0.254769	5.02607
-1.00683	0.462913	6.01022
-1.45072	0.27623	3.58642
6.70939	3.77773	-54.6562
-1.3973	0.36595	3.5408
-0.14708	-0.753224	4.10117
13.9886	5.7087	-107.065
-0.848631	0.408574	7.38858
-0.155337	-0.692861	4.33141
-0.235168	0.563069	3.70282
-0.272971	-0.630079	4.90854
-1.07767	0.715661	3.20694
-0.253338	-0.534771	5.30968
-337.166	-187.675	748.288
-0.341417	-0.0486035	1.21044
-0.38329	-0.326301	4.03002
0.919581	-0.698808	2.40717
-0.542601	0.598711	3.53339
0.705555	-0.597881	-2.78769
-0.610623	1.26156	8.94679
-0.534916	0.3317	4.44331
-0.162811	-0.939635	3.65438
-0.795844	0.491117	5.62624
-285.392	-160.985	637.857
-0.454534	0.249773	4.99488
-0.162152	-0.769246	4.0728
-0.118233	0.197252	2.39862
-0.621481	0.629736	4.96685
0.0410326	-0.0419048	-0.282919
-0.036924	-0.0286876	0.381886
21.0985	10.2262	-151.412
-0.261755	0.544793	3.7723
0.0227354	-0.0359986	-0.353753
-0.571354	-0.188332	6.35807
-1.11007	0.635786	3.30804
-0.0837555	0.0215685	0.548661
-136.66	-54.587	424.521
-1.06503	0.669886	3.24139
-1.08237	0.654385	3.25642
-0.709147	-0.590054	5.68401
-0.291687	-0.0990861	1.2535
-0.103123	-0.655864	4.33118
-0.398824	-0.0547405	8.21108
33.7874	10.0446	-63.922
-0.295689	-0.0558294	1.30269
75.1258	24.9184	-193.813
2.10439	0.549189	-5.10303
1.11776	-0.0788292	2.12233
-0.543462	0.543462	3.63462
-0.512379	0.0602798	7.91173
-1.59801	0.266899	3.54739
1.14513	-0.19119	2.11316
-149.226	-64.9784	470.533
-1.98568	0.32803	4.59242
-1.94377	0.0286451	4.29676
-2.14052	0.698195	4.82306
20.0151	10.5393	-101.526
-0.211681	-0.626034	4.72904
-1.59112	0.385426	3.45895
0.700642	-0.383968	4.15635
-0.556202	-0.574438	4.78698
-0.39437	-0.0560341	1.11855
-0.23254	-0.753556	4.1953
-0.225129	-0.0280305	1.54905
-0.101165	-0.657161	4.31801
-2.5408	-0.72002	5.28703
-0.140815	-0.0702308	1.85282
-1.41652	0.326682	3.53625
-0.107045	-0.601368	4.569
-7.91244	-4.89815	63.8099
-1.02161	0.894399	2.95506
-0.438543	1.03263	2.73114
-1.26091	0.177022	5.192
-0.683066	0.23349	7.61379
-1.54032	0.337467	3.50832
-11.5786	-7.13346	78.843
-0.720582	0.00615882	6.46676
7.49564	2.21005	-15.4503
-20.532	-8.55077	87.851
-0.60756	-0.125528	1.32078
-0.115062	-0.19599	1.42002
-1.63778	0.278149	3.53579
-1.47334	0.270308	3.56026
-0.998183	0.386586	3.64376
-1.13705	-0.572917	4.19266
-0.278685	0.0521525	1.46105
-0.389261	-0.00643146	1.1806
0.658711	-0.756565	3.49953
-0.20606	-0.741465	4.20286
-0.476635	0.0486236	8.12974
-1.01973	0.913685	2.93027
-0.757761	-0.5828	4.53827
1.94153	0.383221	-4.07102
-0.639947	0.286606	4.41256
-0.213732	0.592886	3.5622
0.928662	-0.763531	2.33299
-0.250491	-0.672001	4.59496
-0.314569	0.184696	1.41225
-1.43816	0.261249	3.5699
-5.60298	-3.88621	26.5725
-0.262111	-0.771373	4.17754
-1.1279	-0.441073	4.4276
-0.137873	-0.70033	4.23294
-0.692775	0.208202	7.45606
60.3495	20.782	-155.521
19.7857	9.4613	-154.548
-1.01528	0.127621	5.61902
-0.421652	1.15471	7.81332
-1.11086	0.994116	2.83863
-2.03235	0.393132	4.61155
-1.13977	0.612833	3.30123
-0.393416	-0.387701	5.86038
-1.49959	-1.03061	7.02059
-0.104101	-0.597806	4.58654
-0.815391	0.346414	7.30862
-0.355195	-0.26117	2.77447
-142.149	-62.4946	445.711
-0.130555	-0.759907	4.00827
-0.0250078	0.0563415	-0.343731
0.0389971	-0.0119919	-0.368002
-1.01133	0.573905	5.38151
-1.29067	0.694928	3.17013
-2.01616	0.639258	4.90447
-0.291683	0.559253	3.67773
-0.217746	-0.740812	4.21491
-0.243987	-0.64355	4.72286
-0.13427	-0.70627	4.20747
-1.25385	-0.00977592	4.95402
-0.672879	0.215816	4.66999
-0.449488	0.213763	5.15412
-0.541162	-0.33312	5.73763
-0.178472	-0.887617	4.0059
-0.164769	-0.606762	4.69796
-0.390073	0.0256739	7.21949
-1.08006	0.671209	3.2369
0.823309	0.0930146	2.53216
-124.225	-73.484	280.618
-1.94993	-1.15439	14.2852
-0.676471	0.228755	4.57458
0.0093705	0.0269869	-0.263608
-0.395797	-0.232251	5.79918
-0.543797	0.57989	3.54118
-0.281464	0.14038	1.49963
-1.29687	0.698724	3.16692
-0.178702	0.611417	3.49119
-0.386809	0.653558	3.40051
0.380552	0.209346	3.75891
-1.16532	0.629051	3.27299
-0.148059	-0.491787	5.20635
-0.276665	0.573812	3.63015
-0.089361	-0.701011	4.1349
-0.234586	0.541523	3.74966
-0.543995	0.262244	8.24545
-2.0167	0.122969	4.30393
-1.06001	0.654438	3.2261
-1.59061	0.258936	3.53095
-1.28736	0.693196	3.15089
-1.46625	0.266284	3.53922
-1.09822	0.665146	5.09783
-0.888991	2.27194	8.64322
-1.37053	0.234657	3.57086
-2.03674	0.354591	4.5405
-3.02644	-2.20482	14.3791
-0.429538	1.16589	8.05384
-1.16581	0.633281	5.03746
45.9292	14.7979	-115.097
-0.0845239	-0.664117	4.2262
-17.5162	-9.86948	93.3602
1.41036	0.290769	-2.85333
-1.4953	-0.458299	4.07809
-0.351388	0.0232733	1.20182
-1.10005	0.998339	2.81034
-0.193167	-0.0845402	1.48772
-0.389418	-0.766539	4.3041
-1.11773	-0.629213	4.10356
-0.15599	0.558096	3.63976
-0.280325	0.647648	3.38324
-0.513243	0.41291	4.05192
0.9704	-0.737152	2.31048
0.942072	-0.786907	2.32747
16.9844	10.5665	-82.183
-2.15868	-1.44253	17.7358
-0.147773	-0.552987	4.8793
63.8857	19.5837	-121.389
-0.178381	0.549134	3.67255
-0.0890837	-0.670134	4.21342
-1.59103	0.261474	3.52889
-1.08873	-0.653548	4.07982
-1.07868	0.641761	3.24903
-1.13929	-0.273038	4.66921
-1.16284	0.678554	4.83366
-0.195838	-0.700665	4.56955
-1.25652	-0.0455059	4.87563
0.939758	-0.74637	2.33937
-1.2106	-0.716812	3.91598
-0.229167	-0.675485	4.50609
-0.281382	0.545134	3.7024
-1.28301	0.69399	3.14905
-0.114215	-0.974505	3.50661
4.92748	3.14398	-23.8868
-0.297024	-0.00783639	1.32713
-6.8924	-4.36008	53.6075
-1.06525	0.975529	2.83741
14.2594	-20.9952	-227.268
-6.19011	-3.91579	48.1452
-0.468099	0.181769	1.14891
-1.46676	0.25938	3.54436
-1.50545	0.290206	4.99535
-0.28322	0.545415	3.7043
-0.0909435	-0.673495	4.21035
-1.06475	0.654445	3.2383
-0.63316	-0.490581	4.92458
21.9713	11.4175	-178.504
-0.289627	0.634887	3.42003
23.3547	10.4002	-177.854
-0.190528	-0.748784	4.11635
-0.0333179	0.131685	3.78612
-1.1922	-0.246404	4.64997
-1.89267	0.640803	5.00479
-0.191887	-0.0398839	1.59451
-0.448266	0.223342	5.06368
-1.40284	0.274235	5.08022
-0.291346	0.634544	3.41818
-0.663194	0.207179	4.69722
-1.67652	-0.541479	3.86182
0.939663	-0.751085	2.33807
-1.38302	0.111756	4.92048
-1.63089	0.270864	3.51675
-0.0554716	-0.6208	4.32599
0.0174643	0.0522762	-0.403627
-0.0949507	-0.68295	4.18338
-0.526572	0.532625	3.6446
0.0178542	0.0573511	-0.382118
0.0212273	0.0486867	-0.410892
-1.16378	0.613678	3.27097
-1.26626	0.236479	5.20617
-0.534043	0.567994	3.55073
-0.217723	-0.657854	4.56324
-0.118716	-0.679091	4.24533
-0.285698	0.630227	3.43143
-2.29922	-1.56696	19.3526
0.326898	0.275894	3.77572
-2.16543	0.811464	4.89159
-0.359096	-0.758053	4.313
-1.07426	0.667605	3.21952
-1.28846	0.697176	3.14637
-1.15134	0.615142	3.26502
-0.468177	0.605838	3.47813
-0.32183	-0.317185	6.52913
-0.574974	-0.347864	5.5394
-0.125719	-0.712088	4.14459
-0.434451	0.193514	5.26808
-0.144008	-0.512902	5.06391
-0.292649	0.123381	1.4033
-0.15961	0.164719	1.95789
-0.0743677	-0.624886	4.35845
-0.300997	0.133831	9.51868
-0.473812	0.607903	3.47112
-1.15975	0.626043	3.25734
-0.279594	0.554849	3.66857
0.0422852	-0.0524421	-0.350694
0.342233	0.149048	5.80801
-0.143925	-0.512605	5.06098
-0.205326	-0.811945	4.19775
-0.0860716	-0.744706	3.92935
-0.319146	0.15598	1.33154
-0.0655035	-0.761478	4.29867
-1.10189	0.548428	5.28302
-1.89524	0.00337832	3.54723
2.75472	2.00542	-23.14
-0.160656	0.564007	3.58913
0.0732552	-0.012643	-0.390447
-0.136309	-0.656764	4.33712
-1.77312	0.329807	3.42869
0.12753	-0.0377488	-0.306071
-0.208972	0.557948	3.6208
-0.235384	-0.132378	1.26745
-8.82357	-5.61507	44.3291
-1.22293	-0.42269	4.30897
-0.407483	0.138741	1.14707
-0.700756	-0.652504	5.75739
0.0875717	0.0409388	-0.378396
2.40666	0.495837	-4.75894
-0.541581	0.526364	3.63129
-0.548472	0.507844	3.67749
-4.32725	-1.08823	10.4451
-1.27565	0.682853	3.13098
-0.0994441	0.411521	4.24457
-5.04773	-1.14897	11.0281
-0.372202	0.0661543	1.16939
-0.477108	0.129931	5.45712
-0.80298	-0.488502	4.63767
-0.612578	-0.6169	5.67202
39.0421	11.865	-73.5453
-0.607984	-0.462847	4.64617
-0.104067	-0.71768	4.04707
-0.357927	-0.774307	4.20384
-0.238758	0.644966	3.34262
-0.209055	0.55817	3.62224
-1.91174	0.94522	5.12963
0.419506	0.299454	-3.48591
-1.09174	0.97482	2.80551
-1.59082	0.338118	3.45488
-0.572139	-0.255856	5.8966
-1.81671	-0.485359	3.82029
0.850356	0.642398	-4.086
21.304	9.76505	-152.67
81.9149	26.2306	-169.807
0.0838745	-0.0153762	-0.409772
-0.977505	0.151708	5.71354
0.966807	-0.754749	2.28699
-0.323298	-0.812596	4.15397
-0.272875	0.534892	3.7018
-0.168676	-0.580631	4.77642
-1.58087	0.238088	3.51706
-0.216601	-0.682453	4.41785
52.9383	24.1298	-235.73
-1.14338	-0.205833	4.74374
-0.17616	-0.758118	4.04566
-0.0872451	-0.309956	6.52474
-0.10125	-0.985649	3.45798
0.0129555	0.034522	-0.687037
-1.58799	0.269477	3.49875
0.442872	0.328181	-3.74844
-0.151446	0.568404	3.56798
-0.220155	-0.728497	4.20786
-0.221252	-0.106184	1.32946
-1.60386	0.334674	3.45846
-1.4077	0.304883	3.50863
-1.20848	0.56934	5.17886
-1.0791	0.624604	3.24941
-0.030358	0.0670857	-0.531478
0.964918	-0.757745	2.28846
0.967358	-0.764508	2.29066
-0.0343901	-0.636555	4.18613
-0.144422	0.551612	3.62748
-0.0657995	-0.685427	4.0833
-0.193662	-0.761497	4.05894
0.0981316	0.0183787	-0.34469
-0.554505	-0.258671	5.95388
-99.8633	-46.7635	315.73
-0.17659	-0.554276	4.92402
-0.312427	-0.347689	6.28795
-0.290835	0.0539204	1.35159
-1.28729	0.681643	3.1435
-0.269737	0.538608	3.69551
-0.344589	0.238162	1.29673
-0.959978	0.128822	5.72155
-0.271563	-0.734644	4.27587
-0.0658909	-0.683146	4.08897
-0.224025	0.118983	1.6643
0.0879011	0.05671	-0.362579
-0.205975	-0.0315628	1.567
-0.244736	-0.670889	4.52959
-1.51521	-0.568891	3.90339
-1.38265	0.32743	3.49783
-0.549536	0.307046	4.39187
-0.168345	-0.574427	4.79992
0.721878	0.0498297	4.67195
-1.06034	0.654335	3.21431
0.0523667	0.00218112	-0.541604
-0.654639	0.11423	7.19376
0.0546637	-0.0218435	-0.49288
-0.131847	-0.795654	3.86358
0.0565052	-0.00892924	-0.516099
-0.256539	1.07713	6.9392
-1.09348	-0.27225	4.68919
-1.10246	0.594055	3.28536
-0.407949	-0.347032	5.97723
-0.212711	0.527364	3.74002
-0.356994	0.245285	1.26377
38.7716	14.1644	-98.7953
5.32618	-6.95404	-124.863
24.6363	13.0767	-188.332
-0.0787801	-0.141274	1.59825
-1.16111	0.60452	3.26116
-0.258865	0.118221	1.50709
-0.436051	0.00685874	6.28419
-0.710427	0.29422	7.61645
0.0677574	-0.0411275	-0.43321
-0.252352	-0.674878	4.52753
-0.126001	0.564809	3.57319
-0.461399	0.11984	5.55648
-0.253172	0.551831	3.64862
-1.19005	-0.0284273	4.95825
-0.165949	-0.451662	5.83565
-0.500604	-0.564238	5.57076
-0.253188	0.517074	3.74433
6.91297	4.02903	-44.5314
-0.275591	-0.125269	8.76882
21.0835	12.0667	-139.231
-1.66605	1.21734	4.36248
-0.238489	-0.723552	4.2443
-0.639145	-0.556004	5.45611
-0.246173	-0.0113758	1.43336
-0.0344036	-0.676604	4.01376
-0.326299	-0.048662	1.18826
-2.02864	0.26258	4.44692
0.690575	-0.580388	-2.57131
-0.118151	-0.582002	4.59475
-0.37929	0.154921	5.60922
-0.143253	-0.724009	4.06529
-0.044269	-0.623791	4.22568
-100.098	-39.7858	266.083
-1.44059	0.230627	3.50955
0.976045	-0.763168	2.26236
-1.38521	0.854087	4.3057
-0.507589	0.541564	3.56739
-0.469552	-0.0907788	0.978621
-1.5734	0.250601	3.4898
-0.117439	-0.676673	4.19425
0.0781816	-0.163555	1.47116
-0.384615	1.02412	2.66038
-0.860329	-0.707905	4.12487
-1.28626	0.509949	5.19851
-1.35295	0.299102	3.49729
-0.331666	-0.777023	4.11642
-1.57856	0.245873	3.49063
-0.411441	-0.708339	4.42817
-1.22536	0.276915	5.26358
-9.88272	-2.39328	20.1429
72.045	45.6583	-164.294
-0.314741	-0.721555	4.43475
-0.399262	0.153179	5.54003
-0.357608	0.201682	1.27478
-0.326153	-0.772525	4.14682
-0.804011	0.114578	6.44594
-0.170325	0.519714	3.724
-1.43074	0.229023	3.51416
-1.32707	0.181057	5.04644
-0.0729843	-0.787296	3.76097
45.2862	14.2514	-94.9564
-1.57221	0.245778	3.48927
-0.0989072	-0.784153	3.80579
-1.17787	-0.260235	4.62377
-0.675076	-0.631891	5.71379
-1.21919	0.522795	5.22477
-1.44498	-0.0246155	4.67553
-1.4335	0.224467	3.51524
-1.25805	0.267764	5.21473
-0.115856	0.537729	3.63045
-0.234184	-0.088758	1.33499
-0.0422715	-0.116463	1.86236
-1.34074	0.500895	5.17616
-0.508114	0.542201	3.56559
-0.0868806	-0.62423	4.33001
-1.62266	0.200967	3.50897
-0.442535	0.112703	1.09047
-1.4284	0.228649	3.50842
-0.081768	-0.988511	3.40511
-0.914644	-0.600399	4.28204
-0.096848	-0.793603	3.78397
-0.673146	0.204811	7.51455
-0.496584	0.260498	4.67736
-1.09576	0.572014	3.28395
-0.180072	0.115489	1.86238
-0.274287	0.0566773	1.42072
-0.27469	-0.65904	4.67395
-0.126621	0.543295	3.61027
-1.27065	0.708744	3.06737
0.803301	0.154165	4.42518
-0.537302	0.290869	4.46313
8.44978e-15	0.301747	4.91598
-1.14695	0.588122	3.25255
-1.05802	0.634664	3.20728
-0.237403	0.589404	3.47846
-0.19278	0.509637	3.76621
-0.164277	0.0451811	1.92559
-1.5003	0.0210272	4.66876
0.0784533	0.0578009	-0.627002
-0.35447	0.611402	3.42436
-0.182315	0.0942179	1.84225
-0.166317	-0.0580055	1.64282
-44.6833	-17.0711	114.523
-0.466384	1.09421	8.36757
-0.240445	0.112136	1.56576
0.855928	0.0521818	2.41945
-0.0112967	-0.192143	1.41896
-0.122393	0.521045	3.67179
63.1968	-67.9557	-277.641
-1.12124	1.00731	2.71895
87.9571	30.3846	-186.575
-1.37677	-0.0181154	4.7553
-1.2322	0.705739	4.59124
-1.88813	0.188813	4.50576
-1.07574	0.942269	2.80278
-1.99292	-0.303191	3.88232
-1.27309	-0.148236	4.57787
0.389845	0.196648	3.62246
-0.596191	0.180244	4.85272
-1.0879	0.892568	2.84862
-0.103264	0.502075	3.73885
-1.04424	0.920121	2.83322
-1.41209	1.21855	5.49139
-0.877473	-0.0584982	5.58392
-0.173084	-0.791766	3.86676
-1.26273	0.632867	3.14934
-2.44571	-1.36451	11.3527
-0.303646	0.377257	9.66146
-0.784436	-0.890517	2.93117
-0.0763643	-0.820086	3.66197
-0.35517	-0.399567	5.82701
-0.260582	-0.528152	5.24159
-1.74426	0.0503727	4.48232
-0.690137	-0.655576	5.67014
-1.02466	0.613814	3.2193
0.388116	0.194404	3.6321
-154.983	-83.5268	506.955
-0.364273	-0.16428	7.49973
-0.295092	-0.381019	5.93576
-1.09287	0.891393	2.85877
-0.373253	0.587858	3.45605
-1.58054	0.249212	3.47045
-0.781659	-0.88388	2.91664
41.7844	-45.9804	-189.928
0.199761	-0.158065	-0.782082
8.9738	-11.9307	-180.507
-1.58431	0.286685	3.44416
-0.142911	-0.708306	4.0999
-0.195793	-0.751692	4.03103
-0.973405	0.84049	2.93194
-1.63343	0.384058	4.95407
-0.494193	-0.621067	5.37166
-0.55539	-0.676851	5.1425
-1.47528	-0.169016	4.45896
-0.492161	0.337085	4.28498
-1.59327	0.163259	3.4984
-55.1015	-26.2738	183.672
-1.10639	0.995701	2.71555
-0.387771	0.325873	9.55772
-0.399829	0.111247	5.78265
-0.0109792	-0.707795	3.84274
-1.02161	0.925847	2.82435
-0.418753	0.542677	3.57472
-0.715505	0.641821	7.27139
-1.55215	0.169531	3.49583
-0.454335	0.142452	5.36496
7.41561	2.08732	-14.5453
-0.412183	-0.363119	2.09078
98.8729	33.9261	-208.517
-1.42017	0.179405	3.50141
-1.00058	0.921432	2.83061
-0.63527	0.53774	4.33928
1.81657	-1.53165	-5.41198
-1.00369	0.250312	5.81992
-1.56006	0.198084	3.49208
-1.40885	0.171986	4.94482
-0.965616	0.298931	3.67194
-1.4456	-0.181744	4.4712
-0.904283	0.390557	3.58843
-0.535883	0.0671687	7.69947
-1.03553	-0.510399	4.34576
-1.0227	0.920373	2.82736
-0.144541	-0.710854	4.09298
-0.0479964	0.355242	4.51579
-64.4493	-23.7798	125.068
-1.07647	0.936445	2.80581
-1.30919	0.14145	3.51284
0.395435	0.183961	3.62918
-1.37355	0.0868639	4.88679
-0.358886	-0.485642	5.34602
-1.031	-0.325187	4.68248
-0.602482	-0.578741	5.56441
-1.92391	0.244795	4.53483
-0.649025	0.468773	2.88302
-0.0487447	-0.74571	3.80139
-0.418756	0.552967	3.54431
-1.17605	0.225112	5.30163
-1.59608	0.188461	3.49125
-0.0534302	-0.639098	4.16679
31.2868	-46.4954	-298.018
-2.10015	0.682019	4.84133
-1.90634	0.26998	4.58229
-0.011989	-0.637027	4.06603
-1.11448	1.00298	2.73541
-0.495194	-0.614195	5.39326
-0.493426	0.499514	3.66571
-0.982504	-0.295238	4.82268
-0.0161865	-0.727047	3.7954
-0.0502391	-0.64436	4.13021
-0.193186	0.509568	3.73949
-0.33576	-0.269036	3.02741
-41.0821	-14.1982	86.6197
-1.60441	0.158952	3.49938
-1.29622	-0.266051	4.49071
-0.506707	-0.0840683	7.09579
-209.764	-90.6037	552.757
-0.429964	-0.00745186	6.29988
-0.218635	-0.231599	7.81849
-0.216887	-0.765778	4.01415
-1.34841	0.26091	3.49504
-0.493016	0.4991	3.66267
-167.159	-90.0959	539.269
-0.455053	-0.411893	5.51783
-0.189723	-0.691277	4.25843
0.0220336	-0.766064	4.22561
-0.385357	-0.581786	5.27955
-0.778222	0.254893	7.1701
-181.478	-87.2487	507.817
-0.439809	0.555601	3.51494
-0.354505	0.58675	3.4628
-0.237979	0.4931	3.80389
-0.500938	0.496597	3.66985
-0.430115	-0.00745448	6.3021
-0.998733	0.0058841	5.38649
-0.469285	-0.105734	8.4196
-0.92451	-0.0859654	5.38245
-0.740519	0.523427	7.93908
-0.43009	-0.0355368	6.19828
-0.652366	0.47187	2.64287
0.0502858	-0.484209	5.52533
-1.25355	0.628425	3.15761
-0.837388	-1.01147	3.15146
-0.0727094	-0.799804	3.63547
-0.437365	0.500345	3.67387
-0.112272	0.481682	3.80276
0.491243	0.0417396	3.37127
-1.27085	0.594674	3.16958
0.403552	0.155212	3.62162
-0.90459	0.361148	3.61148
-0.00369079	-0.682796	3.87533
-0.138571	-0.745286	3.93242
-0.605615	-0.657376	5.435
-92.5474	-34.5579	177.003
-1.75878	-0.110437	3.3131
-0.987893	0.802136	2.95524
-0.252741	0.55603	3.53837
-0.180345	-0.329596	6.52973
0.00351254	-0.741146	3.68817
-1.036	0.556891	3.26668
-1.02852	0.621964	3.18567
-0.230264	0.449203	3.96355
-0.501132	0.820289	2.9396
-0.448093	-0.016596	5.80861
-0.500911	-0.69947	4.73834
-1.12461	0.515527	3.29661
-0.0900061	0.469056	3.84172
-0.903031	0.35887	3.61626
-1.55283	0.155614	3.47648
-0.0690844	-0.800402	3.66357
-1.11329	0.502148	3.30775
-1.04001	0.627394	3.17629
-0.0850291	0.517779	3.62929
-1.41048	0.138595	3.48145
-0.494084	0.295113	4.38907
-0.0352752	0.319286	4.74859
-0.513091	0.426474	3.85368
-0.236474	0.45418	3.94123
-0.385962	0.951214	2.71259
-0.454131	0.082667	5.63638
-0.192399	0.574553	3.47112
-53.2712	-31.8161	174.906
-0.440188	0.0193364	5.97154
-0.484317	0.137374	5.26432
16.3505	10.4475	-76.712
-1.76704	-0.110955	3.32866
-0.660457	0.0415956	5.32626
-1.37616	0.122458	3.47515
-0.0313215	-1.05081	3.22428
-0.166662	0.479572	3.82753
-1.41118	0.130555	3.47925
-0.655877	0.039178	5.32862
-1.36675	0.188266	3.48763
-0.965214	0.251088	3.7091
-219.303	-103.897	579.904
-0.0986827	0.516453	3.64335
-0.199554	0.570514	3.48522
-1.08229	0.902818	2.82097
-0.138436	0.458916	3.92012
-0.509359	0.807526	2.95354
-0.189939	-0.789716	3.87405
-0.394318	0.952185	2.7189
19.2622	5.97191	-37.986
-50.4168	-30.1566	165.782
-1.03221	0.89087	2.83218
-0.140347	0.455986	3.91344
-0.0805862	-0.650606	4.15271
-0.598849	-0.575251	5.53085
-0.0711784	-0.804033	3.66791
-0.663705	0.0420415	5.32107
-0.525286	0.171283	5.00354
-0.245756	0.545715	3.57322
-0.402115	-0.0692686	5.84663
18.3163	11.7412	-85.7506
-0.0859126	-0.617276	4.28177
-0.0309081	-1.04171	3.24276
-0.504013	0.434589	3.83822
-1.42376	0.107161	3.46342
-0.0456536	-0.839044	3.56033
-0.029987	-0.785726	3.65017
-1.03424	0.892626	2.83776
-0.00115852	-0.759761	3.664
-0.551984	-0.645531	5.35867
-0.518428	0.168972	5.03291
-0.0861785	-0.619186	4.29502
-1.56869	0.144391	3.48146
-0.61671	-0.505984	5.02386
-0.23327	0.456335	3.91643
-0.0426725	-0.751205	3.75135
-0.0457587	-0.75034	3.76188
0.0418107	0.228625	5.51246
-1.0415	0.558778	3.25224
-1.3667	0.172431	3.4924
-1.105	0.492839	3.32738
-53.3825	-20.2274	112.555
-0.0299655	-0.785162	3.64755
0.0147444	0.264175	5.18474
-0.427928	-0.00741657	6.27005
-0.0527379	0.324128	4.6362
-1.09826	0.48663	3.33887
-0.0451141	-0.681403	3.96599
-0.35208	-0.645853	4.82364
-1.26381	0.592038	3.17435
-0.433778	0.512107	3.63182
-0.268844	-0.140018	4.72698
0.0213215	-0.708045	3.74876
-0.218382	0.458876	3.91806
-0.585412	0.0782194	5.30558
-1.07875	0.483954	3.35104
1.3405	0.6266	1.6575
1.3303	0.6256	1.6464
1.323	0.6252	1.6384
1.316	0.6254	1.6302
1.3066	0.6256	1.6196
1.2991	0.6257	1.6118
1.2922	0.6256	1.6041
1.283	0.6257	1.5933
1.2757	0.6256	1.5853
1.2683	0.6255	1.577
1.2582	0.6251	1.5661
