2334	21
-1.80066	0.478658	3.41898
-0.645724	-0.143951	4.31854
-1.41609	0.472029	3.51511
-1.30071	-0.144523	2.57203
35.0408	8.20888	-67.0204
-1.63655	0.401544	3.54304
-1.06696	-0.125151	2.22725
-0.641198	0.415807	4.08035
-0.26905	-0.670346	4.78818
-0.236823	-0.674721	4.69177
-1.19027	-0.129122	2.46505
1.05829	-0.0181663	2.21798
-0.325932	0.0530587	7.9588
-0.513971	0.329469	4.61256
-0.274526	-0.621297	5.05707
-0.563562	-0.157797	2.62996
0.312298	-0.136514	1.17813
1.3613	-0.372348	3.12772
-0.235261	0.666022	3.47922
18.655	7.24811	-124.762
1.05299	0.012249	2.21749
0.344934	0.172328	7.30793
-1.05957	1.00713	2.92931
-0.239304	-0.673099	4.70542
-0.264046	-0.0391053	0.620242
-1.22431	0.0757205	5.16276
3.94961	0.842995	-9.85999
-0.518001	0.330434	4.60154
-1.45731	0.46165	3.51766
-53.1512	-15.2022	160.156
-0.191499	0.526436	3.94264
-0.598971	-0.690006	5.43108
55.2921	25.1411	-241.3
-1.51404	0.40984	3.55646
0.20918	0.100632	-1.55583
0.294615	0.0851104	-1.80902
0.348507	0.639517	6.16048
-1.3813	0.119242	5.00815
0.629695	-1.01476	2.68118
-0.204926	0.734668	7.3188
-0.0852175	-0.149225	1.98841
-1.08264	-0.210233	5.90226
-0.314665	0.762767	3.25836
-1.03658	0.700325	4.62711
49.9651	11.9613	-96.4539
-0.360045	-0.65844	5.0731
-0.686957	0.199255	7.50421
-0.328755	-0.560867	5.47925
-1.13948	-0.151151	2.17648
-0.648703	0.411141	4.08651
-0.0426361	0.00331093	0.204981
0.233457	-0.339595	6.24694
-0.160658	0.0880829	2.00536
-0.301993	0.679124	3.45417
-0.11578	-0.0200082	2.19756
-0.02095	0.0303324	0.186863
-1.23669	-0.143388	2.45208
-1.4537	0.390084	3.58408
-0.206317	-0.510319	5.42124
-0.193426	0.526774	3.94517
-0.282431	0.0399186	1.40653
-0.428919	-0.628627	5.41565
-0.300313	-0.0713197	2.11063
48.7194	9.78263	-98.7167
-1.52804	0.531151	5.22238
-0.237467	0.675045	3.4527
-0.356202	0.661778	3.50278
0.772457	-0.148305	4.46139
1.10395	-0.584977	2.20507
-0.384148	-0.664404	5.0975
-0.189509	0.168741	1.80514
-0.473867	0.362511	4.51376
-0.281602	-0.739176	4.52779
-0.0210556	0.00638564	-3.54009
-0.290717	0.228562	1.43473
-0.305634	-0.632422	4.91418
1.09002	-0.10009	2.23606
22.1695	-1.77384	-107.776
-0.704153	0.35142	4.2034
-1.19407	0.740591	3.24214
-0.503937	0.381254	4.38751
-1.15713	-0.140763	2.29933
-1.17023	0.724308	3.26495
-1.45948	0.456761	3.52211
-0.365885	0.252151	5.31986
-1.63606	0.390613	3.55312
-0.506982	0.431471	4.17476
2.13605	0.677993	-16.3488
-0.282721	-0.684298	4.74667
-0.0331785	0.00750677	0.165261
-0.282448	0.105749	1.4472
-1.68583	0.410743	3.52515
-0.832024	-0.123404	5.68108
0.888773	-0.696822	2.50247
-0.68374	0.357855	4.21403
-0.53348	0.442949	4.1079
-0.657802	0.38569	4.15529
-1.10436	0.783298	3.19865
-0.127704	0.15801	2.24325
-0.19077	0.513255	3.99832
-3.58673	-1.04566	10.7995
-0.247578	-0.480415	5.6574
-0.480308	-0.0967079	1.95886
-1.46323	0.452565	3.52554
-1.20945	-0.562572	4.20161
-0.50483	0.722522	3.35649
-1.32838	0.829629	3.1118
55.5484	25.3449	-242.149
-0.847509	0.408145	7.32843
-1.11709	0.772385	3.21106
-0.320343	-0.294755	4.6937
-0.339345	0.725478	3.34565
-0.215094	-0.518522	5.40256
-1.10436	0.783298	3.19865
-1.42978	0.492316	3.49146
-0.550899	0.287359	8.36203
-135.69	-63.6923	296.978
-0.68374	0.357855	4.21403
-0.502629	0.308541	4.73429
-0.524839	0.198857	5.70796
-0.0767708	-0.180442	1.47849
-0.23324	0.52198	3.96859
-0.307916	-0.60217	5.23921
-0.324479	-0.493483	5.7052
-0.373886	-0.117265	1.07963
-0.0351663	-0.00121564	0.205245
-0.0252666	-0.237913	8.88477
-1.16919	0.475261	4.56819
-0.488494	0.252644	5.05229
-0.180385	0.258007	1.82975
0.878971	-0.622602	2.53347
-0.22042	0.208845	1.68499
-0.74739	0.0482833	6.57044
-0.204232	0.0439859	1.70618
-0.538248	0.439771	4.11463
-0.032391	0.00588513	0.205227
-1.33743	0.480015	5.3443
-12.2762	-4.42433	107.922
-0.283832	0.136063	1.45351
-0.48075	0.404591	1.85772
-0.560456	-0.0683761	7.03872
-0.531605	0.405766	4.24856
-0.2467	-0.879354	3.94329
-0.0249283	0.0202499	0.157944
-0.454584	-0.52629	5.70907
-0.938181	-0.107489	5.89119
-0.613121	0.619024	3.55383
-9.97841	-2.80522	29.8419
-0.336728	0.669343	3.48264
-0.281614	-0.244864	4.05851
-0.259287	0.2975	1.52981
-0.0346673	0.0270722	0.185267
-0.174527	-0.0480244	1.68603
-0.383508	0.0216799	8.82597
-0.906734	0.715963	7.97126
-0.933344	-0.154714	5.90297
-0.535344	0.387811	4.31769
-0.185355	0.139454	1.83088
-1.28165	0.746923	5.0525
-0.102449	-0.121858	1.69934
-0.409937	0.226135	5.37881
-0.0557031	0.00311162	0.211073
-0.174001	0.0536184	1.88848
-0.139907	0.241974	1.95229
-0.50789	0.273258	4.90647
-0.274389	-0.646441	4.88319
1.09311	-0.121916	2.16969
-0.421333	0.124744	1.15913
24.0175	12.1914	-174.401
-1.08537	-0.295183	4.76835
8.01875	-9.36007	-63.7376
-0.475323	0.688733	3.39516
-2.14676	0.107938	4.19758
-0.176622	0.514833	3.9458
38.2608	-43.7968	-170.952
-1.8924	-0.423006	3.89611
45.695	14.6426	-140.538
-1.10615	0.730244	3.23526
-0.457629	0.344311	4.57629
-1.62104	0.392674	3.524
-1.30015	0.234127	5.23051
-0.217389	0.63879	3.51168
-1.4396	0.928863	2.94654
-0.251642	0.724699	3.96733
0.902935	-0.711021	2.45744
-0.345401	0.713065	3.33951
-0.612115	0.207061	7.93482
-0.21562	0.636308	3.46178
0.911794	-0.811252	2.42131
-1.31272	0.773708	3.15125
-0.510011	0.122339	8.3413
-0.33664	0.623635	3.57043
-1.15415	0.595852	5.32917
46.3504	14.8526	-142.554
0.0314048	-0.00881307	-0.0924448
-0.182264	0.516788	3.93779
-0.91325	-0.033346	5.64731
-0.54693	0.504464	3.84388
-1.13878	0.063487	5.28388
-0.213265	0.0481025	1.69489
-0.591061	-0.11989	4.23569
-0.957789	0.595828	5.68952
-0.655102	0.381239	4.12681
0.000396311	3.65794e-05	0.00611588
-0.756592	0.105146	6.7484
16.7991	-22.7413	-183.51
-0.8081	0.486077	7.98969
0.452242	-0.668579	4.10915
-1.31166	0.765884	3.1487
-1.62528	0.384166	3.5297
-1.48418	-0.453301	4.15039
20.0232	10.6148	-159.13
-2.12966	0.674395	4.83236
-0.322443	-0.431293	5.79814
-0.170985	0.49589	4.02832
-8.29085	-2.75705	61.5934
-0.659766	0.627176	4.96214
-0.336773	0.634022	3.54093
-1.08967	0.745546	3.21747
-0.458003	0.327854	4.6545
-0.49104	0.39964	4.27522
-0.368362	-0.649375	5.11127
-178.974	-89.6854	397.206
3.50461	0.716693	-7.15121
-1.04627	0.963893	2.94616
0.766631	0.29023	4.79213
-0.339903	0.708507	3.34249
3.09265	0.789314	-7.83687
-6.99351	9.10514	72.0355
-0.278379	0.0655654	1.48652
-0.27039	0.616463	3.58798
-0.324644	0.625954	3.56133
-0.197418	-0.898055	3.82142
-1.09379	0.743343	3.21711
-1.4187	0.437788	3.51871
-0.33935	-0.645712	5.03032
-0.507486	0.396476	4.27149
0.348706	0.0480572	-1.14327
-0.319995	0.270825	1.54084
-0.387559	-0.454515	5.61354
-0.430627	-0.663915	5.17213
-6.68148	-2.25458	49.6374
0.238771	0.397453	3.79726
0.659294	-0.217156	4.69933
-0.272969	-0.505252	5.53785
-0.230369	0.683933	3.3754
-0.180684	-0.543279	5.15175
14.4589	7.26163	-136.19
-0.0144925	-0.0124138	0.179604
9.09214	2.67496	-61.1075
-0.498318	-0.506863	5.15384
4.17476	-5.4022	-44.2626
-0.297515	0.249771	1.16459
-11.2625	-3.27775	30.0029
-0.274866	0.044391	1.45956
0.135905	0.00150262	2.10835
-0.00276341	0.00695699	-0.103189
0.00826415	-0.00476451	-0.0952812
-0.171834	0.330697	1.88828
-0.859968	0.618281	5.63485
-0.252996	-0.624303	4.94261
-0.47123	0.334895	4.60297
-0.660455	-0.04559	6.63564
-1.42135	0.445217	3.51155
-0.133271	0.20102	2.13018
-0.185311	0.0101002	1.79021
30.551	-59.5424	-339.984
-0.24425	-0.608023	4.99362
-0.172524	0.194277	1.91986
-0.486763	0.429865	4.15455
-0.437493	0.711257	3.34441
-0.281426	0.705145	3.32019
-0.449316	-0.523379	5.18442
0.0732152	0.207271	3.24828
-5.48082	-1.55154	10.6348
-0.0658499	1.02067	6.91424
-0.42502	0.284904	4.90408
-0.314006	0.596956	3.62314
3.32857	-3.32252	-20.4243
-0.267696	-0.657898	4.76409
-0.336709	0.689451	3.36709
-0.492246	0.0384568	8.07592
-0.483798	0.293896	4.74755
71.4282	-11.2644	-231.908
0.340639	-0.779685	3.97412
-0.673616	-0.101607	1.31713
-1.93372	-0.35878	3.7243
-1.96357	0.0868835	3.64911
-0.588031	-0.729512	4.64235
-8.75275	-2.98276	51.3429
-0.466417	0.376026	1.89821
-1.06828	0.731575	3.21403
-1.55614	-0.227953	6.91766
-1.62567	0.483306	5.12597
-1.12458	1.03245	2.84532
1.65368	0.0706199	3.08962
-0.215327	0.604966	3.58878
-0.910328	1.03999	2.83633
-0.496215	-0.113172	9.1408
0.14113	0.118967	-1.95792
-1.17737	0.669485	3.27567
-0.866041	0.112859	6.23692
-0.350487	-0.0546835	0.712372
-0.223932	0.603317	3.59525
-0.261735	0.620183	3.55067
-1.62478	0.430768	3.4633
-1.61416	0.320933	3.56215
-1.17049	0.58271	5.3204
-0.220357	-0.701054	4.66481
-0.438233	0.283781	4.88476
-0.189761	-0.611452	4.81278
-361.136	-194.293	805.08
1.3201	0.829063	-9.91488
-0.489417	0.655832	3.43968
35.0548	8.33117	-72.2603
2.85017	-2.85177	-17.8648
0.929559	-0.846992	2.38174
0.83706	0.139687	-1.81969
13.1303	4.01685	-55.6304
43.0554	15.4375	-134.158
-1.52027	0.0648285	4.79365
-1.64332	0.718148	5.20038
-1.39162	0.39924	3.53459
-0.324798	-0.0433159	1.24812
-1.51374	0.301819	3.58658
-0.442472	0.278344	4.90701
-0.43994	0.355882	1.83571
-1.73959	-0.324397	3.33764
-0.379454	-0.671371	4.96297
19.0742	5.84201	-80.9881
-0.271641	0.620565	3.55286
0.168882	-0.407002	-2.20877
-1.27548	-0.320119	4.52024
-0.164618	-0.54507	5.05407
-1.29571	-0.436182	4.31904
2.42356	0.759675	-18.0786
-0.823795	0.438239	7.72583
-0.201385	-0.719847	4.35091
-0.165051	0.484672	4.04536
-1.15873	-0.478756	4.38345
27.8357	13.3293	-191.933
-0.248354	0.175941	1.63023
-0.386182	-0.554684	5.14322
-1.18473	0.670909	3.27531
-0.290797	-0.655631	4.84661
-1.01376	0.434668	3.62799
-0.446415	0.675852	3.39959
0.177481	0.0301918	-0.357261
-66.6826	-19.2244	169.046
-0.357265	0.14774	6.06532
3.18157	2.04147	-24.2286
-0.465965	-0.520456	5.16755
0.0569425	-0.00754796	-0.257652
-0.496162	0.32278	4.58246
-0.271336	0.619868	3.54886
0.0691942	-0.00511981	-0.203321
-1.40441	0.399619	3.52937
-1.14716	0.657724	3.29748
-36.8242	-13.6837	113.588
-0.200162	0.119997	1.80477
0.0135063	0.000595701	-0.301817
-0.124141	-0.044294	2.0392
-0.260891	0.111749	1.55737
-1.66915	0.329404	3.54888
-1.30154	0.744066	3.16611
-1.08841	0.710008	3.23892
-0.0471836	0.123366	13.5778
8.83987	2.71917	-65.6961
-0.359052	0.0121734	1.23268
-0.313099	0.602666	3.59019
-0.507643	0.316385	4.57721
-85.145	-24.4697	217.721
0.913365	-0.668759	2.43625
0.796445	0.14487	2.60121
-0.167985	0.0734186	1.99866
-1.31213	0.768132	3.13168
-1.18157	0.676629	3.26304
-0.678567	0.287979	4.4188
-0.407603	-0.685204	4.94253
-0.211494	-0.737189	4.29069
-0.285033	0.105549	1.47639
-1.11615	0.135028	5.42613
-0.473933	0.673027	3.40115
-0.172305	0.144869	0.809669
-1.30907	0.745159	3.16013
-1.19432	0.396818	5.48987
-0.194066	-0.732791	4.26509
-0.467587	0.22772	5.13832
0.0157698	-0.00224785	-0.155478
-1.1271	0.653563	3.30279
-0.314643	-0.0737061	1.22936
-0.512012	0.23367	8.57368
-0.0338164	-0.0155799	-0.308062
-0.711318	0.129005	7.10601
-0.218661	0.112207	1.73178
-0.589453	0.355425	4.28263
-0.408717	-0.616376	5.36281
-0.156212	0.179437	2.04969
-0.198234	-0.637782	4.71002
-0.50188	0.384746	4.28357
-16.0252	-5.90431	68.1232
-0.137346	-0.74167	4.12039
-0.162968	-0.076408	1.68311
-1.43828	0.679734	5.17189
34.3559	13.9387	-206.135
-1.13091	0.971317	2.88919
-1.90105	0.362104	4.75262
-0.29348	0.0308221	1.4071
-0.337461	0.0713298	1.31397
-1.52091	0.342808	5.0697
-1.47842	0.302481	3.56859
-0.235802	0.598048	3.58829
1.94858	0.539792	-4.01967
-1.33973	0.0329057	4.93585
-1.61047	0.288189	3.55998
-1.64198	0.294542	3.55481
-0.122547	-0.576424	4.76571
2.16797	0.419466	-4.63618
-0.871062	0.99667	2.86713
-0.543497	0.332839	4.42381
-1.04043	1.00232	2.85833
-1.42963	0.87695	2.96076
0.308755	0.308755	3.81403
-0.938627	-0.633104	4.28877
-1.6406	0.303514	3.54888
-1.45154	0.281847	3.5828
-1.29283	-0.0836161	4.82401
10.5991	4.25535	-82.4375
-0.523174	0.442451	3.99806
-0.938165	-0.194007	2.25036
-1.17384	0.641698	3.28674
-0.134434	-0.577059	4.80121
-0.320813	0.664309	3.40256
-0.488111	0.206091	5.17693
-0.231664	-0.723223	4.35927
-0.152045	-0.683785	4.36194
6.78832	3.89646	-49.2927
-1.12838	-0.630031	4.13975
-0.0863701	-0.592376	4.58023
-1.11572	-0.498576	4.37274
-0.874613	-0.49764	4.62409
-0.27885	-0.646968	4.83155
13.8533	8.85183	-64.9951
-1.12935	0.791846	4.00886
-0.894071	0.258452	6.49222
-1.04129	1.00315	2.86068
-0.680721	0.521436	7.88915
-0.468525	0.264396	4.89796
-1.64665	0.289407	3.55495
-0.132929	-0.651742	4.45643
-0.244297	-0.717161	4.39293
-1.28376	0.573814	5.27218
-0.129162	-0.579687	4.76865
-261.367	-148.146	585.05
-1.22526	-0.526956	4.23923
-0.262401	0.0103775	1.48532
-1.07413	0.69029	3.23978
20.8589	13.2103	-97.6539
0.0634622	-0.00334221	-0.260335
-1.04104	1.00291	2.86
-0.346101	-0.699536	4.69517
0.919832	-0.694005	2.407
-6.23166	-4.15378	47.4453
-1.30405	0.714176	3.17221
-0.24465	-0.718196	4.39927
-0.177028	-0.0840393	1.60252
-0.164122	-0.64167	4.57638
2.09928	1.46481	-18.8283
-1.42196	0.354633	3.54417
-1.16736	0.642672	3.28712
-0.214655	-0.166698	1.28982
-0.187561	0.594693	3.58487
-0.509668	-0.138809	6.91411
0.28978	0.331123	3.8106
-0.390297	0.145437	1.23655
-1.47761	0.298119	3.56586
-0.491161	0.298746	4.67849
-0.428737	0.254974	5.03011
-1.00682	0.462907	6.01014
-1.45069	0.276225	3.58636
6.97146	3.92528	-56.7911
-1.3973	0.365949	3.54079
-0.14708	-0.753225	4.10117
14.3615	5.86088	-109.919
-0.848649	0.408583	7.38874
-0.155339	-0.692872	4.33148
-0.235171	0.563077	3.70287
-0.273011	-0.630172	4.90926
-1.07767	0.715662	3.20695
-0.253538	-0.535194	5.31388
-341.135	-189.884	757.098
-0.341767	-0.0486533	1.21168
-0.377833	-0.321656	3.97265
0.919581	-0.698808	2.40717
-0.542601	0.598711	3.53339
0.719653	-0.609823	-2.84338
-0.608965	1.25813	8.9225
-0.534959	0.331727	4.44368
-0.162813	-0.939643	3.65441
-0.796835	0.491729	5.63325
-284.857	-160.683	636.661
-0.454848	0.249945	4.99833
-0.162152	-0.769246	4.0728
-0.118621	0.197899	2.40649
-0.621195	0.629446	4.96457
0.0410103	-0.041882	-0.282765
0.0159083	0.0122745	-0.162775
21.3159	10.3316	-152.973
-0.261759	0.544802	3.77237
0.0227077	-0.0359547	-0.353322
-0.571463	-0.188368	6.35928
-1.11007	0.635789	3.30805
0.0694024	-0.0179769	-0.454913
-136.445	-54.5009	423.851
-1.06503	0.669888	3.24139
-1.08237	0.654387	3.25643
-0.706664	-0.587988	5.6641
-0.291928	-0.0991678	1.25453
-0.103127	-0.655889	4.33134
-0.399812	-0.0548762	8.23143
33.8805	10.0751	-64.095
-0.296044	-0.0558964	1.30425
88.7941	29.4521	-229.075
2.90873	0.759114	-7.05352
1.11776	-0.0788292	2.12233
-0.543462	0.543462	3.63462
-0.513405	0.0604006	7.92757
-1.59798	0.266894	3.54732
1.14513	-0.19119	2.11316
-151.416	-65.9318	477.437
-1.98568	0.32803	4.59242
-1.94377	0.0286451	4.29676
-2.14052	0.698194	4.82305
20.1758	10.624	-102.341
-0.211708	-0.626116	4.72966
-1.59111	0.385424	3.45894
0.700642	-0.383968	4.15635
-0.556203	-0.574439	4.78699
-0.394625	-0.0560705	1.11928
-0.23254	-0.753556	4.1953
-0.225491	-0.0280755	1.55154
-0.101169	-0.657184	4.31817
-3.89363	-1.10342	8.10209
-0.140874	-0.0702604	1.8536
-1.41651	0.32668	3.53622
-0.107061	-0.601455	4.56967
-7.43745	-4.60415	59.9795
-1.02161	0.894399	2.95506
-0.438543	1.03263	2.73114
-1.26093	0.177024	5.19206
-0.683459	0.233624	7.61818
-1.54031	0.337465	3.50829
-7.08769	-4.36663	48.2626
-0.72065	0.0061594	6.46737
-95.4499	-28.0993	196.776
-28.4057	-11.8299	121.54
-38.3203	-7.91637	83.3966
-0.115053	-0.195975	1.41991
-1.63775	0.278145	3.53574
-1.47331	0.270303	3.56019
-0.998195	0.38659	3.64381
-1.13705	-0.572918	4.19266
-0.279445	0.0522949	1.46504
-0.38962	-0.0064374	1.18169
0.658711	-0.756565	3.49953
-0.206061	-0.741466	4.20287
-0.477842	0.0487468	8.15033
-1.01973	0.913685	2.93027
-0.757761	-0.5828	4.53827
2.06836	0.408263	-4.33697
-0.639965	0.286614	4.41268
-0.213734	0.59289	3.56223
0.928662	-0.763531	2.33299
-0.250501	-0.672028	4.59514
-0.315803	0.18542	1.41779
-1.43813	0.261243	3.56983
16.0448	11.1398	-76.1329
-0.262111	-0.771374	4.17754
-1.1279	-0.441073	4.4276
-0.137874	-0.700337	4.23299
-0.693098	0.208299	7.45954
90.7574	31.2533	-233.883
19.8961	9.5141	-155.411
-1.01528	0.127622	5.61905
-0.421631	1.15465	7.81294
-1.11086	0.994116	2.83863
-2.03235	0.393132	4.61155
-1.13978	0.612836	3.30124
-0.39345	-0.387734	5.86089
7.1377	4.90814	-33.4263
-0.104118	-0.597902	4.58728
-0.815441	0.346436	7.30907
-0.338365	-0.248795	2.64301
-144.389	-63.4797	452.737
-0.130555	-0.759907	4.00827
-0.0250239	0.0563778	-0.343953
0.0389591	-0.0119802	-0.367642
-1.01118	0.573823	5.38074
-1.29067	0.694929	3.17013
-2.01616	0.639257	4.90446
-0.291685	0.559259	3.67777
-0.217746	-0.740813	4.21491
-0.24401	-0.643609	4.72329
-0.134271	-0.706275	4.2075
-1.25385	-0.00977599	4.95405
-0.672919	0.215829	4.67027
-0.449966	0.21399	5.15959
-0.541189	-0.333137	5.73792
-0.178472	-0.887618	4.0059
-0.164797	-0.606865	4.69876
-0.392914	0.0258609	7.27209
-1.08006	0.671211	3.23691
0.823309	0.0930146	2.53216
-122.265	-72.3243	276.191
-1.98903	-1.17696	14.563
-0.676496	0.228763	4.57475
0.00934389	0.0269103	-0.262859
-0.396416	-0.232614	5.80825
-0.543797	0.57989	3.54118
-0.282627	0.140961	1.50583
-1.29687	0.698725	3.16692
-0.178703	0.611421	3.49121
-0.386809	0.653558	3.40051
0.380549	0.209344	3.75888
-1.16533	0.629052	3.273
-0.14822	-0.492322	5.21202
-0.276668	0.573817	3.63018
-0.0893617	-0.701016	4.13493
-0.234591	0.541534	3.74974
-0.545022	0.262739	8.261
-2.0167	0.122969	4.30393
-1.06001	0.65444	3.22611
-1.59058	0.258931	3.53088
-1.28737	0.693197	3.15089
-1.46622	0.266279	3.53915
-1.02607	0.450348	5.19633
0.811828	-2.08126	-7.91625
-1.3705	0.234651	3.57077
-2.03674	0.354591	4.5405
1.31494	0.9601	-6.25369
-0.429477	1.16572	8.05269
-1.16559	0.633159	5.03649
53.6911	17.2991	-134.548
-0.0845261	-0.664133	4.2263
-18.673	-10.5213	99.526
1.16475	0.24014	-2.35644
-1.4953	-0.458299	4.07809
-0.351959	0.023311	1.20377
-1.10005	0.998339	2.81034
-0.193329	-0.0846109	1.48896
-0.389419	-0.76654	4.3041
-1.11773	-0.629213	4.10356
-0.155992	0.558105	3.63982
-0.280326	0.647649	3.38324
-0.513252	0.412917	4.05199
0.9704	-0.737152	2.31048
0.942072	-0.786907	2.32747
26.7964	16.6708	-129.661
-3.26987	-2.18153	26.7934
-0.147836	-0.553224	4.88139
71.9765	22.0654	-136.762
-0.178384	0.549144	3.67262
-0.0890855	-0.670148	4.2135
-1.591	0.261469	3.52883
-1.08873	-0.653548	4.07982
-1.07868	0.641763	3.24904
-1.13929	-0.273038	4.66922
-1.16251	0.678362	4.83229
-0.195838	-0.700666	4.56956
-1.25653	-0.0455062	4.87566
0.939758	-0.74637	2.33937
-1.2106	-0.716812	3.91598
-0.229174	-0.675506	4.50623
-0.281386	0.545141	3.70245
-1.28301	0.69399	3.14905
-0.114216	-0.974512	3.50664
13.8571	8.83921	-67.1547
-0.297556	-0.00785041	1.3295
-5.651	-3.57479	43.9523
-1.06525	0.975529	2.83741
14.3392	-21.1127	-228.54
-6.06903	-3.83923	47.2036
-0.468518	0.181931	1.14994
-1.46673	0.259375	3.54429
-1.50546	0.290207	4.99537
-0.283224	0.545422	3.70435
-0.0909453	-0.673508	4.21043
-1.06476	0.654446	3.23831
-0.626966	-0.485782	4.8764
22.1506	11.5106	-179.961
-0.289628	0.634888	3.42003
23.5175	10.4727	-179.093
-0.190528	-0.748784	4.11635
-0.033661	0.133041	3.82511
-1.1922	-0.246404	4.64998
-1.89266	0.640799	5.00476
-0.192139	-0.0399361	1.59659
-0.44868	0.223549	5.06836
-1.40285	0.274237	5.08026
-0.291347	0.634545	3.41819
-0.663247	0.207195	4.6976
-1.67652	-0.541479	3.86182
0.939663	-0.751085	2.33807
-1.38303	0.111757	4.92051
-1.63086	0.270859	3.51669
-0.0554753	-0.620842	4.32628
0.0174504	0.0522345	-0.403305
-0.094952	-0.68296	4.18343
-0.526572	0.532625	3.6446
0.0178433	0.0573163	-0.381886
0.021207	0.04864	-0.410497
-1.16378	0.61368	3.27098
-1.26627	0.236482	5.20622
-0.534043	0.567994	3.55073
-0.217735	-0.657889	4.56348
-0.118718	-0.679103	4.24541
-0.285698	0.630228	3.43144
-1.39003	-0.9449	11.6538
0.326896	0.275892	3.7757
-2.16542	0.811462	4.89158
-0.359097	-0.758053	4.313
-1.07426	0.667607	3.21952
-1.28846	0.697176	3.14637
-1.15135	0.615144	3.26503
-0.468177	0.605838	3.47813
-0.321927	-0.31728	6.53109
-0.57499	-0.347873	5.53955
-0.12572	-0.712092	4.14461
-0.435073	0.193791	5.27563
-0.144122	-0.513307	5.06791
-0.293757	0.123848	1.40861
-0.160426	0.165561	1.9679
-0.0743727	-0.624928	4.35875
-0.303729	0.135046	9.60509
-0.473812	0.607903	3.47112
-1.15975	0.626044	3.25735
-0.279597	0.554855	3.66861
0.0422748	-0.0524292	-0.350608
0.342221	0.149043	5.80782
-0.144036	-0.513003	5.06491
-0.205326	-0.811945	4.19775
-0.0860716	-0.744706	3.92935
-0.320405	0.156595	1.33679
-0.0655035	-0.761478	4.29867
-1.10177	0.54837	5.28246
-1.895	0.0033779	3.5468
0.289772	0.210864	-2.43341
-0.160659	0.564014	3.58918
0.0731858	-0.0126311	-0.390077
-0.136314	-0.656786	4.33727
-1.77311	0.329805	3.42867
0.1275	-0.03774	-0.306
-0.208975	0.557956	3.62085
-0.235546	-0.13247	1.26833
18.8122	11.9737	-94.5248
-1.22293	-0.42269	4.30898
-0.408247	0.139001	1.14922
-0.700121	-0.651913	5.75217
-1.62576	-0.212733	6.38198
2.40701	0.49591	-4.75962
-0.541581	0.526364	3.63129
-0.548472	0.507844	3.67749
4.10691	1.02856	-9.91291
-1.27565	0.682853	3.13099
-0.0994609	0.41159	4.24528
7.04168	1.59617	-15.3845
-0.37292	0.0662821	1.17165
-0.477986	0.130171	5.46716
-0.80298	-0.488502	4.63767
-0.612019	-0.616337	5.66684
38.7872	11.7905	-73.0618
-0.600399	-0.457072	4.5882
-0.104068	-0.717682	4.04708
-0.357927	-0.774308	4.20385
-0.238759	0.644967	3.34262
-0.209058	0.558177	3.62229
-1.91163	0.945165	5.12933
-0.129516	-0.092811	1.07793
-1.09174	0.97482	2.80551
-1.59081	0.338116	3.45486
-0.572185	-0.255877	5.89708
-1.81671	-0.485359	3.82029
0.818907	0.61864	-3.93489
21.4785	9.84504	-153.92
95.2558	30.5031	-197.462
0.0838101	-0.0153644	-0.409458
-0.97751	0.151709	5.71357
0.966807	-0.754749	2.28699
-0.323298	-0.812596	4.15397
-0.27288	0.5349	3.70186
-0.168722	-0.580789	4.77772
-1.58083	0.238083	3.51698
-0.216606	-0.682468	4.41795
53.6789	24.4674	-239.028
-1.14338	-0.205834	4.74376
-0.17616	-0.758118	4.04566
-0.0876906	-0.311539	6.55806
-0.10125	-0.985656	3.458
0.0129186	0.0344234	-0.685075
-1.58797	0.269473	3.49869
0.275254	0.203969	-2.32973
-0.151448	0.568411	3.56803
-0.220156	-0.728498	4.20787
-0.221443	-0.106276	1.33061
-1.60385	0.334671	3.45844
-1.40769	0.30488	3.5086
-1.20836	0.569283	5.17835
-1.0791	0.624606	3.24942
-0.0303959	0.0671695	-0.532142
0.964918	-0.757745	2.28846
0.967358	-0.764508	2.29066
-0.0343914	-0.636579	4.18629
-0.144425	0.551622	3.62754
-0.0658002	-0.685434	4.08335
-0.193662	-0.761497	4.05894
0.0980649	0.0183662	-0.344456
-0.554559	-0.258696	5.95446
-101.934	-47.7332	322.277
-0.176669	-0.554527	4.92625
-0.312495	-0.347764	6.2893
-0.291682	0.0540774	1.35553
-1.28729	0.681644	3.14351
-0.269741	0.538617	3.69557
-0.345932	0.23909	1.30179
-0.959981	0.128822	5.72157
-0.271563	-0.734644	4.27587
-0.0658916	-0.683154	4.08902
-0.225053	0.119529	1.67193
0.0878549	0.0566801	-0.362389
-0.206296	-0.031612	1.56944
-0.244744	-0.670912	4.52975
-1.51521	-0.568891	3.90339
-1.38264	0.327429	3.49781
-0.549577	0.307069	4.3922
-0.168395	-0.5746	4.80136
0.72188	0.0498298	4.67196
-1.06034	0.654337	3.21432
0.0522888	0.00217787	-0.540799
-0.654998	0.114293	7.1977
-0.54533	0.200686	5.04642
-0.131848	-0.795655	3.86358
0.190561	0.0899604	-2.1517
-0.256539	1.07713	6.9392
-1.09348	-0.272251	4.6892
-1.10246	0.594057	3.28537
-0.408002	-0.347078	5.97801
-0.212716	0.527377	3.74011
-0.358274	0.246165	1.2683
66.4491	24.2833	-169.265
5.4446	-7.10865	-127.639
24.8239	13.1763	-189.766
-0.0787528	-0.141225	1.5977
-1.16111	0.604522	3.26117
-0.260013	0.118745	1.51377
-0.438097	0.00689093	6.31368
-0.710706	0.294336	7.61945
-0.752832	0.35364	5.65662
-0.252359	-0.674899	4.52767
-0.126003	0.564817	3.57324
-0.46243	0.120108	5.56889
-0.253176	0.551838	3.64867
-1.19006	-0.0284275	4.95828
-0.165959	-0.45169	5.83601
-0.500331	-0.56393	5.56772
-0.253194	0.517087	3.74442
7.32417	4.26866	-47.1801
-0.276254	-0.12557	8.78991
21.629	12.3789	-142.833
-1.66505	1.21661	4.35985
-0.23849	-0.723554	4.24431
-0.636663	-0.553845	5.43493
-0.246704	-0.0114004	1.43645
-0.034404	-0.676611	4.0138
0.103405	0.038926	-0.5015
-2.02864	0.26258	4.44692
0.87172	-0.732696	-3.24589
-0.118175	-0.582119	4.59568
-0.38035	0.155354	5.6249
-0.143253	-0.72401	4.06529
-0.0442713	-0.623823	4.2259
-99.0896	-39.3852	263.403
-1.44055	0.230621	3.50946
0.976045	-0.763168	2.26236
-1.38518	0.854073	4.30563
-0.507589	0.541564	3.56739
-0.4697	-0.0908074	0.97893
-1.57337	0.250596	3.48973
-0.117441	-0.676684	4.19432
-0.0222684	0.0520175	-0.913351
-0.384615	1.02412	2.66038
-0.860329	-0.707905	4.12487
-1.28619	0.509922	5.19824
-1.35294	0.2991	3.49727
-0.331666	-0.777025	4.11643
-1.57853	0.245868	3.49056
-0.411441	-0.70834	4.42818
-1.22537	0.276917	5.26362
18.2964	4.41524	-37.2921
110.406	69.9696	-251.772
-0.314741	-0.721556	4.43475
-0.400274	0.153567	5.55407
-0.358929	0.202427	1.27949
-0.326154	-0.772526	4.14683
-0.804042	0.114583	6.44619
-0.17033	0.519729	3.7241
-1.4307	0.229017	3.51407
-1.32708	0.181058	5.04649
-0.0729844	-0.787297	3.76097
52.6424	16.5678	-110.38
-1.57217	0.245773	3.4892
-0.0989073	-0.784154	3.8058
-1.17788	-0.260235	4.62378
-0.674278	-0.631144	5.70704
-1.2191	0.522757	5.22439
-1.44498	-0.0246156	4.67554
-1.43345	0.22446	3.51514
-1.25806	0.267766	5.21477
-0.115859	0.53774	3.63053
-0.234449	-0.0888584	1.3365
-0.659981	-0.163776	4.97607
-1.34069	0.500875	5.17596
-0.508114	0.542201	3.56559
-0.0868863	-0.624272	4.33029
-1.62261	0.20096	3.50885
-1.15385	-0.010866	4.12932
-1.42837	0.228643	3.50833
-0.0817685	-0.988517	3.40513
-0.914644	-0.600399	4.28204
-0.0968481	-0.793604	3.78398
-0.673597	0.204948	7.51958
-0.496741	0.26058	4.67884
-1.09576	0.572017	3.28397
-0.180839	0.115981	1.87032
-0.275182	0.0568624	1.42536
-0.274691	-0.659042	4.67396
-0.126623	0.543304	3.61034
-1.27065	0.708745	3.06737
0.803302	0.154165	4.42519
-0.537367	0.290904	4.46367
8.11139e-17	0.301864	4.91788
-1.14695	0.588124	3.25256
-1.05802	0.634665	3.20729
-0.237405	0.589407	3.47848
-0.192786	0.509654	3.76634
-0.41644	0.408569	6.65636
-1.50031	0.0210273	4.66878
0.181133	0.13345	-1.44762
-0.354471	0.611402	3.42436
0.0572771	0.00672287	-0.735085
-0.166477	-0.0580614	1.6444
-42.1447	-16.1019	108.017
-0.464887	1.0907	8.3407
-0.241545	0.112649	1.57292
0.855928	0.0521818	2.41945
-0.0480444	-0.563929	5.15119
-0.122396	0.521059	3.67189
74.6764	-80.2998	-328.075
-1.12124	1.00731	2.71895
131.526	45.4355	-278.995
-1.37678	-0.0181155	4.75532
-0.274764	0.120053	1.45561
-0.411521	0.0648262	1.12819
-1.07574	0.942269	2.80278
-1.18167	-0.288756	3.78047
-1.27309	-0.148236	4.57789
0.389842	0.196646	3.62243
-0.596367	0.180297	4.85415
-1.0879	0.892568	2.84862
-0.103267	0.502093	3.73899
-1.04424	0.920121	2.83322
-0.312205	0.257083	1.42322
-0.205287	-0.0789567	1.42122
-0.173084	-0.791768	3.86677
-1.26274	0.632868	3.14934
-18.8321	-10.5057	87.3917
-0.312647	0.38844	9.94785
-0.784009	-0.890032	2.92957
-0.0763645	-0.820088	3.66198
-0.355207	-0.399607	5.82761
-0.260588	-0.528164	5.24171
0.127333	-0.0315352	-0.481278
-0.689656	-0.655119	5.66618
-1.02466	0.613816	3.21931
0.388113	0.194402	3.63207
-157.027	-84.6281	513.639
-0.364771	-0.164504	7.50999
-0.295138	-0.381078	5.93668
-1.09287	0.891393	2.85878
-0.373254	0.587859	3.45606
-1.58051	0.249207	3.47039
-0.781225	-0.88339	2.91502
68.0644	-74.8994	-309.381
0.389796	-0.308429	-1.52607
9.20184	-12.2339	-185.094
-1.5843	0.286682	3.44412
-0.142911	-0.708308	4.09991
-0.195793	-0.751692	4.03103
-0.973405	0.840491	2.93194
-0.179167	0.0844995	1.84076
-0.494152	-0.621015	5.37122
-0.555364	-0.676819	5.14226
-1.47528	-0.169016	4.45897
-0.492204	0.337115	4.28536
-1.5932	0.163251	3.49824
-56.1817	-26.7889	187.272
-1.10639	0.995701	2.71555
-0.389948	0.327702	9.61138
-0.401214	0.111633	5.80269
-0.0109793	-0.707797	3.84274
-1.02161	0.925847	2.82435
-0.418754	0.542678	3.57473
-0.149839	0.194661	2.0078
-1.55208	0.169523	3.49567
-0.45518	0.142717	5.37493
7.24605	2.03959	-14.2127
-0.4117	-0.362694	2.08833
139.517	47.8723	-294.233
-1.42011	0.179397	3.50125
-1.00058	0.921432	2.83061
-0.634887	0.537415	4.33666
2.02689	-1.709	-6.03862
-1.00369	0.250313	5.81995
-1.56001	0.198077	3.49196
-1.40886	0.171987	4.94486
-0.965626	0.298934	3.67198
-1.4456	-0.181744	4.47121
-0.904294	0.390562	3.58847
-0.536864	0.0672916	7.71356
-1.03553	-0.510399	4.34576
-1.0227	0.920373	2.82736
-0.144541	-0.710856	4.093
-0.0480105	0.355347	4.51712
-59.1071	-21.8102	114.701
-1.07647	0.936445	2.80581
-1.3091	0.141441	3.51261
0.395432	0.18396	3.62915
-1.37356	0.0868645	4.88683
-0.358897	-0.485657	5.34618
34.5665	-3.47341	-164.877
-0.601873	-0.578156	5.55878
-1.92391	0.244795	4.53483
-0.648216	0.468189	2.87942
-0.0487447	-0.74571	3.80139
-0.418756	0.552968	3.54432
-1.17606	0.225114	5.30168
-1.59602	0.188454	3.49112
-0.0534321	-0.639122	4.16694
31.7293	-47.153	-302.233
-2.10014	0.682016	4.84131
-1.90634	0.26998	4.58229
-0.0119893	-0.637044	4.06614
-1.11448	1.00298	2.73541
-0.495136	-0.614123	5.39263
-0.493427	0.499515	3.66572
-0.219997	-0.00299075	1.51578
-0.0161865	-0.727048	3.7954
-0.0502405	-0.644378	4.13033
-0.193192	0.509584	3.73961
-0.324634	-0.260121	2.92709
-35.2756	-12.1935	74.3761
-1.60433	0.158944	3.49921
0.0974218	0.026673	-0.618624
-0.507187	-0.0841479	7.10252
-212.512	-91.7907	559.998
-0.432092	-0.00748874	6.33106
-0.218849	-0.231825	7.82614
-0.216887	-0.765779	4.01416
-1.34839	0.260906	3.49499
-0.493017	0.4991	3.66267
-169.292	-91.2454	546.15
-0.455073	-0.411911	5.51808
-0.189725	-0.691284	4.25847
0.0220336	-0.766064	4.22562
-0.385449	-0.581926	5.28082
-0.778347	0.254935	7.17125
-184.608	-88.7537	516.576
-0.439809	0.555602	3.51494
-0.354505	0.586751	3.4628
-0.237988	0.493119	3.80404
-0.500938	0.496597	3.66985
-0.432247	-0.00749142	6.33333
-0.998737	0.00588413	5.38652
-0.474261	-0.106855	8.50888
0.0804884	0.0100935	-0.707584
-0.739168	0.522472	7.92459
-0.432029	-0.035697	6.22622
0.102955	-0.0333824	-0.599402
-0.0305086	-0.124154	1.78808
-1.25355	0.628426	3.15762
-1.39692	-0.855397	3.62164
-0.0727096	-0.799806	3.63548
-0.437367	0.500348	3.67388
-0.112278	0.481707	3.80295
0.491242	0.0417395	3.37127
-2.08633	0.317393	4.4435
-0.0150317	-0.15856	1.52741
-0.904601	0.361152	3.61152
-0.973267	-0.364419	4.66635
-1.0875	-0.706122	3.96486
-1.15047	-0.236337	4.68215
-0.36251	-0.103245	1.03904
-1.75825	-0.110403	3.3121
-0.411714	0.324768	1.15075
-0.252743	0.556035	3.53841
-0.181416	-0.331553	6.5685
0.00351254	-0.741146	3.68817
-1.03601	0.556893	3.26669
-1.02852	0.621966	3.18568
-0.230283	0.44924	3.96388
-0.501132	0.820289	2.9396
-0.449485	-0.0166476	5.82666
-0.500909	-0.699468	4.73833
-1.15334	0.545199	5.084
1.19569	-1.23074	-22.9942
-0.903041	0.358875	3.6163
-1.26919	-0.242816	4.52052
-0.0690845	-0.800404	3.66357
-1.1133	0.502151	3.30777
0.1741	-0.0136154	-0.475905
-0.229265	1.01078	7.57006
-1.95483	0.229729	4.48355
-0.770666	-0.339695	4.94017
-0.0352898	0.319418	4.75056
-1.0679	-0.205117	4.82899
-0.236491	0.454214	3.94152
-3.88136	4.45932	48.8615
-0.534678	0.0242387	7.48549
-0.376121	-0.183238	7.23309
-52.3784	-31.2827	171.974
-0.526026	-0.00981915	7.36436
-0.485036	0.137577	5.27213
27.2769	17.4292	-127.975
-1.76654	-0.110924	3.32771
-0.660707	0.0416114	5.32828
-1.88479	0.141593	4.45126
-0.0313216	-1.05081	3.22429
-0.166671	0.479598	3.82774
-1.83575	0.144031	4.49562
-0.659497	-0.367177	5.18472
-1.83801	-0.231392	4.05206
-0.916401	0.420952	6.76668
-1.73903	0.00219	4.42211
-0.0986853	0.516467	3.64345
-0.644713	0.513304	4.09676
-1.08229	0.902818	2.82097
-0.138447	0.458951	3.92043
-0.509359	0.807526	2.95354
-0.18994	-0.789717	3.87406
-0.394318	0.952185	2.7189
46.922	14.5475	-92.5324
-0.25929	-0.10095	1.2139
-1.03221	0.89087	2.83218
-0.140358	0.456021	3.91374
-0.0805884	-0.650624	4.15282
-0.59768	-0.574127	5.52005
-0.0711785	-0.804035	3.66792
-0.663946	0.0420568	5.323
-0.525669	0.171408	5.00719
-0.701129	0.150106	7.1253
0.127505	-0.0349712	-0.540696
-0.49025	-0.738969	4.26835
-0.0859181	-0.617315	4.28204
-0.0309082	-1.04171	3.24277
-0.504017	0.434592	3.83825
-1.42363	0.107152	3.4631
-0.413314	-0.326258	2.56467
-0.0177246	-0.689181	4.50299
-1.03424	0.892626	2.83776
-0.265092	-0.711941	4.45069
-0.551893	-0.645424	5.35779
-1.18989	0.475303	5.23203
-0.0861843	-0.619228	4.29531
0.118131	0.0225731	-0.57154
-0.612124	-0.502222	4.9865
-0.198523	-0.340462	6.63089
-0.0395424	-0.207153	1.3036
-0.0457587	-0.75034	3.76188
0.0418249	0.228703	5.51434
-1.04151	0.55878	3.25225
-1.36664	0.172423	3.49224
-1.105	0.492842	3.3274
-1.74515	-0.677416	3.64918
-0.0299655	-0.785163	3.64756
0.0147508	0.26429	5.187
-0.430049	-0.00745333	6.30113
-0.0527603	0.324265	4.63817
-0.95017	0.545533	5.8277
-0.00618074	-0.231311	1.22264
-0.352102	-0.645895	4.82395
-1.26381	0.592039	3.17436
-0.433779	0.512109	3.63183
-0.261204	-0.610633	4.83438
-0.108896	0.0334672	2.39334
-0.218397	0.458908	3.91834
-0.585924	0.0782877	5.31021
0.104729	-0.0426255	-0.638261
-1.19984	0.990058	2.6862
-11.2183	-7.7266	50.9867
-0.0948814	0.495492	3.68983
-0.470428	0.461796	4.53164
-0.590537	-0.6971	4.66213
-1.21576	-0.259594	4.54289
-0.0721424	-0.679658	3.98682
-1.00861	-0.440737	4.44975
-0.228022	0.794399	7.72332
0.0102816	-0.764269	3.59858
-0.31139	-0.102101	1.14455
-1.07061	0.591415	3.18454
-0.428758	-0.029367	6.16706
-0.429111	-0.0594154	6.9318
-0.139559	0.441309	3.96046
-1.05666	0.536075	3.25364
-0.219778	-0.856376	3.97874
-0.128742	0.459792	3.86226
-215.077	-83.7916	405.442
-0.0675048	-0.76387	3.73053
-0.520372	-0.440143	5.85
-0.033353	-1.07639	3.18369
-0.391051	0.508297	3.62084
-0.370472	-0.892662	3.70472
-0.244481	-0.125261	1.26872
-0.166945	0.456318	3.89539
-0.523675	0.445302	3.74053
-0.149443	0.470198	3.8272
-0.380714	0.953062	2.68288
-0.546658	0.39047	3.9047
-0.082532	0.250931	2.62602
-0.879061	-0.689965	4.10228
-1.31053	-0.415928	4.22364
-0.436243	0.48773	3.65275
-0.692442	-0.00718088	5.38566
-0.0346646	-0.81224	3.56842
-0.113943	-0.239521	1.1526
-0.110487	-0.91928	3.79122
-0.282217	0.790487	7.37133
-1.29556	0.06559	3.40938
-0.541764	0.403966	3.80758
-1.16054	0.484654	3.29164
-1.36285	0.411664	5.08526
-0.0704085	-0.764537	3.73378
-0.936129	-0.244167	4.94932
-0.529864	0.788307	2.9625
-0.181493	-0.364127	5.99268
-0.928104	0.317636	3.61733
-0.0230055	-0.864349	3.45082
-0.284856	-0.0602555	3.47628
-1.59356	0.0724761	3.44032
-0.912481	-0.219126	5.0501
-0.0788298	-0.804008	3.64953
-0.741404	0.482501	3.47099
-0.694129	-0.0195384	5.39878
-0.557586	0.383518	3.91878
-0.571905	-0.695012	4.75229
-1.14959	0.310672	5.34763
-1.1448	0.355467	5.35957
-0.266577	0.522545	3.61635
-0.497682	0.980191	2.67325
-0.603277	-0.679883	5.12991
0.0820676	0.0269229	-0.710278
-214.481	-86.2456	447.154
-0.543209	-0.553976	2.7176
-0.10699	-0.849223	3.58682
0.00128329	-0.711655	3.74292
-0.401469	0.0956247	1.12411
-1.29873	0.062475	3.4095
104.725	66.4751	-338.863
-0.0368748	-0.695256	3.86876
-0.157644	0.429372	4.02622
-0.402996	-0.433653	5.467
-0.550948	0.390459	3.90221
-0.521483	-0.701543	4.67422
-0.25971	0.526641	3.60365
-0.388611	0.95082	2.68972
0.400237	0.113654	3.67325
-0.39376	0.539023	3.5294
-0.148061	0.477951	3.78148
-207.058	-103.797	538.155
-0.337576	-0.519188	5.15496
-1.56672	-0.371498	4.0895
-0.576404	-0.592744	2.91404
-0.530222	-0.575114	4.69714
-0.418887	-0.0613008	6.20932
-0.0830336	-0.645619	4.13828
-0.720053	-0.639692	5.68283
-0.0011903	-0.706257	3.76451
-0.0881737	-0.497066	5.47177
0.875075	-0.0419221	2.35896
-0.0832379	0.430407	3.99158
-0.0334387	-0.567283	5.03957
0.0525224	0.00806131	-0.972079
-0.432202	-0.35909	4.89678
-1.15711	0.4938	3.28137
-0.0833252	0.430858	3.99577
-1.21205	0.402785	5.22955
-0.633394	-0.529688	4.70559
-0.186659	0.480121	3.78684
-0.448393	-0.71763	4.42077
-0.084151	-0.674192	4.03537
0.0339499	0.196639	5.9691
-0.362146	0.539037	3.53743
-0.24664	0.443779	3.94233
-1.30773	0.614843	3.10712
-0.893885	-0.261299	4.98934
-0.931657	-0.206632	5.04016
-1.07387	0.533082	3.25534
-0.110494	-0.741733	4.31713
-1.1613	0.483096	3.29324
-0.669973	0.0755069	5.12159
-0.170888	0.110234	1.90165
-0.175406	0.402776	4.16763
-0.455537	0.492643	3.64063
-0.598097	0.110098	5.1048
-0.255721	-0.476662	5.70584
-0.573572	-0.616658	2.82747
26.8464	-37.4089	-231.055
-0.250149	-0.845201	3.97965
-0.185245	0.434758	3.96953
-1.18452	0.455586	3.29907
-0.831613	0.869292	2.82587
-358.778	-150.954	737.215
-0.748555	0.464961	3.46248
-0.346034	0.189477	1.28025
-0.430406	-0.618764	4.62093
-1.09435	-0.221379	4.70543
-1.14355	0.824898	2.85479
-0.369226	-0.0481523	1.15013
-0.20319	-0.213445	1.12171
-0.568548	0.350871	3.99582
-0.591823	0.4455	6.85888
-1.30011	0.0260912	3.34095
-0.343876	-0.0891529	5.14344
-0.191978	0.43741	3.9525
0.00794119	-0.461471	4.63236
-0.540469	-0.683266	4.35862
-1.20118	0.346291	5.22122
-0.552581	-0.705819	4.4894
-1.61551	0.0343946	3.40701
-0.0845875	-0.701614	3.91609
-1.43426	0.315511	4.96236
-0.6644	-0.351788	5.16756
165.223	57.4055	-315.586
-1.42309	0.0621882	3.39385
-0.434075	-0.700985	4.53782
-1.38688	0.0433119	3.3737
-0.536615	-0.68686	4.78633
-1.24353	0.478253	5.10123
-1.16259	0.452615	5.20875
-218.923	-113.423	559.422
-0.201751	-0.61952	4.75314
-0.335125	-0.700214	3.78093
-0.697877	-0.0738329	5.34137
-1.38184	0.140574	3.44416
-0.114442	-0.874282	3.51357
-1.39907	0.117445	3.43083
-1.19018	0.459199	3.29038
2.00212	0.804307	-25.4557
-1.07922	0.51771	3.24977
-0.174065	0.410339	4.10089
-1.5919	0.0836133	3.43267
-1.72653	-0.317201	3.91763
-0.428247	0.924527	2.71652
-0.274016	0.40911	4.06185
-0.641878	-0.790882	4.00478
-0.546682	-0.38779	5.3072
-0.220929	0.431513	3.97272
-0.324106	-0.0853802	4.80435
-0.541171	-0.684173	4.87952
-0.578151	0.387167	3.84399
7.43553	3.31238	-98.6668
-0.120585	0.470124	3.77861
-0.489888	-0.438793	5.2158
-0.696505	-0.0736877	5.33086
-222.034	-115.409	567.374
-2.03219	0.843649	4.96734
-0.126888	0.431884	3.97613
70.2402	46.115	-219.879
-0.488074	-0.0314443	5.30812
-0.0903204	-0.8572	3.52893
-0.267696	0.499763	3.66754
-0.329515	-0.794545	4.11385
-0.103558	0.239622	2.32442
-0.0484039	-0.503171	5.37537
-0.473921	-0.692049	4.67246
-0.15092	-0.77705	3.7907
0.112283	-0.0999169	-1.59012
-1.02853	0.218142	5.57854
-1.12359	-0.256842	4.61211
-0.213494	-0.750367	4.41614
-1.37668	0.142732	3.44146
0.193463	0.0834139	1.63707
0.0842188	-0.0627143	-0.543397
-0.866271	-0.537887	4.37673
-0.739167	-0.0680034	5.4151
-0.187462	-0.141533	1.31839
-1.31792	0.537853	3.17423
-0.253907	-0.0626575	3.4341
-1.25671	0.315403	5.13854
-0.260578	0.120854	1.49723
-0.912754	-0.697364	4.03223
-0.140224	0.0860044	2.16268
-0.133732	0.470043	3.79242
-0.651574	-0.675727	5.25511
-0.195457	-0.841116	3.99607
-0.172611	-0.166868	1.27516
0.618252	-0.060402	4.8098
-0.0431518	-0.764964	4.11904
-1.13104	-0.790661	3.72284
59.3738	39.994	-184.993
-0.316085	-0.7482	4.20112
-0.158429	-0.201459	1.23223
-0.0863658	-0.79802	3.62737
-1.2883	0.00311938	3.27535
-0.342195	0.0678046	1.24903
-0.204204	-0.0410338	1.52067
0.827906	0.64714	-3.79608
-0.0418493	-0.89815	3.38014
-0.569963	0.421277	3.71715
-351.42	-152.939	713.715
-0.437422	0.933679	2.68593
-54.2296	-24.9167	102.596
-0.858921	-0.919551	4.08085
-0.142878	-0.900463	3.48888
135.718	48.317	-254.919
-0.109287	-0.884235	3.47733
-0.0445279	-1.1132	3.11695
-0.454412	0.475225	3.64224
-0.117323	-0.771489	3.73301
-0.062349	-0.70051	3.85097
-1.61722	0.0748411	3.41666
-0.0445395	-1.11586	3.11777
-0.0416459	-0.845478	3.47049
163.964	57.3481	-307.541
-0.577922	-0.698221	4.26736
154.683	54.5698	-292.642
-1.11169	0.487256	3.25872
-0.0483362	-0.901632	3.38354
-0.571368	0.419853	3.71708
-0.517253	-0.142648	6.51218
-0.172468	-0.882716	3.82049
0.103734	-0.0462272	-0.485386
-1.29587	-0.106018	4.59996
-1.45545	0.0573416	3.38251
-1.25038	-0.22587	4.47478
0.0277002	-0.489371	4.40686
-0.164437	-0.0326237	1.73004
-1.28352	-0.131576	4.57467
-0.452464	0.470535	3.6489
0.0704002	0.0463902	-0.570372
-1.03737	-0.701247	3.90408
6.37057	4.83885	-14.0586
-0.415221	-0.735237	4.20021
-0.592525	-0.687821	4.0347
-0.908054	0.45466	6.64893
-0.3096	-0.0630282	3.63624
-0.447061	-0.423149	2.24171
-0.597489	-0.640363	2.87097
-0.899021	-0.525128	4.31984
-0.579152	-0.700433	4.23357
-0.966651	-0.382557	4.52552
-0.0459071	-0.869357	3.43322
-0.352152	-0.94548	3.57878
-0.735969	-0.0784952	5.37989
-1.0341	-0.68296	3.93238
-0.571599	0.41616	3.72967
-1.06256	-0.130626	4.84997
-0.143293	-0.889328	3.51209
-1.12377	-0.461914	4.22924
-0.105021	-0.715945	3.87736
-0.569847	-0.378034	4.44796
-0.307548	-0.0629485	3.63164
-1.45005	0.0246203	3.34862
-1.062	0.200105	5.37202
-0.294995	0.510309	3.6
-0.609389	-0.672265	5.15782
-0.13313	-0.789302	3.71218
-1.02516	-0.504223	4.24362
-0.994445	-0.470925	4.3226
-0.202252	-0.857085	3.63688
-396.389	-169.697	798.105
-1.2429	0.334718	5.11013
68.1587	45.6733	-211.531
-1.44782	0.0601937	3.38638
-0.715041	0.0239019	5.18532
-0.733112	-0.114965	5.72642
-0.507649	0.0101988	5.46363
0.0999513	0.00629579	-0.531397
-1.33826	0.539857	3.13011
-0.306617	-0.791451	4.0687
0.0479993	0.0294239	-0.723878
0.391061	0.0901451	3.70083
0.0127167	-0.790063	3.4991
-0.609397	0.03144	5.30569
-0.0954859	-0.145583	1.56849
-0.193288	-0.916217	3.74148
1.99903	1.45339	-8.86686
-0.235362	0.429213	3.95155
0.39354	0.0804113	3.7012
-0.0256126	0.201629	6.00563
0.0666645	-0.0129055	-0.653442
-1.39289	0.128377	3.4212
-0.105375	0.259297	5.25177
-1.24261	0.302692	5.10893
78.7663	52.2998	-242.963
-1.21208	0.457373	3.26189
-0.694549	0.395066	7.75348
-1.34319	0.546049	3.13488
-0.479395	-0.554432	4.72642
-1.34783	0.594421	3.07762
-0.590566	-0.565776	4.54751
-0.46443	-0.739318	4.18757
0.0101187	-0.763111	3.55815
-0.55371	-0.686458	4.78791
-0.571059	0.418606	3.71871
-0.136889	0.439357	3.90305
-225.827	-118.398	564.531
0.0322712	0.0166156	-0.337906
-1.28542	0.427278	5.07876
0.105682	-0.02055	-0.495498
-1.12014	0.510339	3.22859
-0.770017	-0.0680079	5.41547
-1.19416	0.332948	5.18418
-0.0579024	0.0965812	-0.774598
-0.689319	-0.385685	4.94686
-0.0767719	-0.925251	3.37452
-0.0998812	-0.859132	3.51223
-0.392132	0.513249	3.55389
-0.874672	0.31844	6.51638
-0.662589	-0.0306386	5.34395
-0.0546089	-0.752143	3.69312
0.0516478	0.0502326	-0.635025
-1.14831	0.452442	3.28824
-0.166494	-0.789963	3.71956
-0.299621	-0.0316472	1.29466
-1.49569	0.0611142	3.37736
-1.50155	0.087187	3.3906
-6.42133	10.9434	94.9634
-0.385324	-0.926191	3.71183
-1.30543	-0.0531021	4.64643
-0.347191	-0.904072	3.60941
-1.0632	-0.562641	4.0743
-131.974	-54.24	304.555
-1.33779	0.0284637	3.32076
-0.612382	0.376024	3.76024
96.4122	35.6088	-218.64
-1.69531	-0.650724	3.59611
19.8613	13.5894	-84.4309
-0.594876	-0.687694	4.42993
-0.136878	-0.116119	0.681145
-0.422502	-0.76748	4.06997
-0.0343576	0.260136	5.15363
-1.09409	-0.462573	4.22349
-0.600759	0.377722	3.77722
-1.36498	0.0491366	3.35022
-0.033436	0.272265	5.01541
-0.570757	-0.417276	5.03609
-0.676746	-0.418938	4.8339
-1.06576	0.787732	2.862
-0.67067	-0.662428	5.40863
-1.45956	0.145633	3.39809
-0.13009	-0.869267	3.50242
-0.147372	0.0125564	2.08171
-0.0559836	-0.89252	3.37832
-0.531102	0.00511659	5.37242
-0.0568573	-0.859395	3.43105
-0.163823	-0.140309	0.812155
-1.34075	0.0335979	3.32809
-0.644486	-0.685708	4.16181
-0.164273	-0.189887	1.293
-0.0424151	-0.796462	3.53459
-1.45422	0.143027	3.39771
-0.160405	0.443129	3.84534
-117.481	-47.9089	270.161
-1.49638	0.0571334	3.37023
-0.105772	-0.858816	3.49248
-0.110491	-0.788722	3.64828
-174.577	-77.6103	324.664
-0.730233	-0.686403	4.10903
-0.670975	-0.662729	5.41109
-0.108507	-0.791425	3.6377
-1.35199	0.56038	3.06394
-0.725189	-0.0137003	6.09549
-0.0674762	-1.10806	3.1239
-0.45973	-0.0464198	5.09841
-1.20121	0.118659	4.98367
-0.595778	-0.681337	4.84035
-0.571799	0.247	4.35443
-0.69287	-0.752393	3.98594
-1.92953	-0.0590311	4.04587
-0.595952	-0.686725	4.44551
-0.526289	0.0393239	5.34846
-0.29642	-0.120643	1.18921
-1.6801	-0.113483	4.21349
-0.191568	-0.18852	1.24998
-1.454	0.13694	3.40083
-0.713146	0.0505981	5.01207
-0.147279	-0.824955	3.60978
-1.16121	-0.358077	4.33437
-1.49163	0.0824428	3.38462
-0.579669	0.443389	3.60183
-0.0105773	-0.750935	3.58727
-1.65803	0.105386	3.40605
-1.45338	0.138747	3.39939
-1.69109	0.0941442	3.40491
-0.57091	0.440753	3.59645
-0.375261	0.0504662	1.21683
-0.0813541	-0.90322	3.38787
-1.45136	0.127576	3.39988
-0.070437	-0.824984	3.51048
-1.21629	-0.0834536	4.69569
-0.123616	0.436044	3.87362
-1.21961	0.476023	3.21385
-1.4241	0.157076	3.39892
-0.160231	0.0797952	2.05442
-1.13998	0.499883	3.20406
-0.15867	0.49407	3.62576
0.080422	0.0772112	-0.514439
-0.0950917	-0.902513	3.71549
-1.18869	-0.105731	4.69657
-0.0781585	-0.732768	3.74801
-0.0937277	-0.924248	3.66206
-0.761456	-0.0313058	5.28474
-0.123545	-0.855654	3.52256
-0.0899972	-0.837462	3.5163
-1.18302	0.3972	5.15704
-0.291912	0.515895	3.53967
-0.149226	0.464556	3.74815
0.150663	-0.0341906	-1.9383
-0.606131	0.0805887	5.07486
-0.407416	-0.692825	4.4771
-0.134804	-0.701162	3.95023
-0.675108	0.0484535	6.59445
-0.0155178	-0.00134566	0.0591516
-0.123788	0.0101398	2.25155
-1.22771	0.484379	3.20264
-0.814966	-0.0295512	5.15428
-0.505087	0.229219	8.07327
-0.277999	-0.342911	5.68361
-0.820886	0.0262167	5.81976
-0.722727	-0.675189	5.25092
37.6888	-41.6077	-288.106
-3.25927	0.115398	46.9715
-0.226491	-0.78599	4.06356
-0.176846	0.497482	3.61557
-0.414707	0.969285	2.57658
-1.2583	0.98637	2.59571
-302.403	-130.812	556.082
-1.65334	0.112801	3.38402
-0.605317	-0.679249	4.85178
-0.297444	0.539321	3.43205
-0.0370857	-0.778801	3.54
-0.679262	-0.658522	5.44447
-0.212488	-0.880309	3.54147
-1.11619	-0.126532	4.74493
-0.17371	-0.783467	3.72235
-0.557569	-0.693769	4.46906
-1.32316	0.637499	2.97499
-0.271075	-0.604363	4.66604
-1.98858	0.746298	4.86716
-0.0526966	-0.727214	3.68876
-0.337522	-0.741597	4.1596
-1.20003	-0.603741	3.91313
-2.02222	0.448423	4.52735
6.6537	-0.535995	-37.5208
-0.060993	-0.882793	3.37066
-1.1331	-0.138839	4.7026
-1.23969	-0.630848	3.8511
-0.611295	-0.637568	3.91856
-1.5071	0.0569561	3.35977
-0.156803	-0.156155	1.41787
-0.564496	-0.695965	4.31384
-33.2851	-20.8428	99.5692
-1.03224	-0.413723	4.3528
-1.12345	-0.599931	3.9718
-0.436007	-0.913637	3.58222
-1.12814	0.412927	5.18629
-0.173605	0.457946	3.75073
-0.188069	-0.078387	1.56476
-0.171819	-0.785561	3.71215
-1.65011	0.0806034	3.38534
-0.678281	-0.769317	4.36073
-0.523007	0.0534092	5.29053
-1.38667	0.0567419	3.34713
-0.071404	-0.706107	3.78658
-1.35332	-0.126719	4.47695
-0.121224	-0.19244	1.37457
-1.13664	0.516217	3.16235
-0.228669	-0.827265	3.6713
-0.476719	-0.271606	5.91673
-1.33927	-0.375996	5.96368
-0.702685	0.061144	4.93855
-0.142736	-0.034851	1.59101
-0.345118	-0.57327	5.05826
-0.743211	-0.615711	4.23654
-0.297445	0.539324	3.43206
-244.46	-117.427	593.35
-0.92634	0.915037	2.69733
-0.332903	0.92413	7.89405
-0.282103	-0.894686	3.75708
-0.602936	0.399579	3.67132
-0.336356	0.955593	7.97593
-0.117995	0.288247	4.84721
-0.0415152	-0.292266	1.14593
109.782	40.229	-247.256
-0.0754621	-0.827155	3.49362
-0.370597	-0.069124	1.14624
-0.917098	0.292818	6.03808
-1.42714	0.163982	3.3814
-0.558083	-0.697313	4.35924
-0.226203	0.451688	3.77005
-0.971523	-0.202837	4.82727
-0.600804	-0.678435	4.39184
-0.471149	-0.0461683	5.07079
-1.76217	-0.347609	3.8615
-0.486	-0.691582	4.55788
-1.11395	0.540997	3.13672
-1.6948	0.0825716	3.3899
-0.669933	0.458327	7.56766
-0.0474019	-0.725168	3.69668
-2.01979	0.513298	4.60023
-0.0451045	-0.794219	3.51751
-1.49877	0.0933338	3.3756
-0.323313	0.071262	1.34752
-0.588914	-0.0558809	6.53105
-0.59922	0.384814	3.72332
-1.0594	0.794349	2.82596
0.0457553	0.0734432	-0.613859
-0.344005	-0.0292139	1.22151
-1.65611	-0.119282	4.21419
-0.577928	-0.368275	5.18016
-0.555218	-0.693733	4.33686
-2.02647	0.811265	4.89039
-0.287686	-0.26384	1.36793
-0.4849	-0.70955	4.34632
113.182	41.615	-254.915
-0.712867	0.0552234	4.93402
-0.678282	-0.666015	5.35317
-0.0713629	-0.79369	3.55663
-0.432326	-0.427769	1.98724
-1.42237	0.519334	4.9617
-0.1679	-0.868682	3.51899
-1.46998	0.140222	3.38093
-0.687726	-0.36959	4.22145
0.376687	0.109001	3.6794
-0.042681	-0.796884	3.50885
-0.291608	0.518765	3.50242
-0.289125	0.431875	3.83658
-0.803037	-0.484492	4.46063
-0.0753265	-0.719148	3.75417
-0.412525	0.138487	1.19666
-0.149067	0.456963	3.74414
-1.03494	0.625043	4.08912
0.0263919	0.0746204	-0.662908
-0.287134	-0.110697	1.23467
-1.22316	0.492123	3.17039
-0.214886	0.41	3.97712
-0.285859	-0.292476	5.58464
-0.158596	0.501948	3.55977
41.4539	27.3475	-173.531
-0.101344	-0.956843	3.56366
-0.466568	-0.249121	6.07654
-0.161545	0.500621	3.55036
-97.1307	-58.6153	284.627
0.129011	0.0376703	-1.43565
-0.147163	0.224049	1.99034
-0.470191	-0.458957	5.0409
-0.598693	-0.378053	5.10988
-0.809286	-0.0293453	5.11836
-1.1377	0.538395	3.13531
-0.735652	0.0497104	6.27883
-0.0897166	0.573821	7.88701
-0.435384	0.495208	3.48972
-1.28564	0.964846	2.59102
-0.0975601	0.437214	3.79401
-0.844978	-0.837937	3.69678
-1.32227	0.628712	2.9603
-0.445355	0.169605	1.18988
-1.65512	0.205703	3.3229
-0.276961	0.192602	1.60078
-0.187793	0.45708	3.72042
-0.218195	-0.827756	3.63658
-0.411009	0.350974	4.84898
44.4077	14.9896	-97.7519
-1.20038	0.973617	2.5881
-0.121421	-0.869634	3.44572
-0.340497	-0.924207	3.64818
0.123076	-0.00324453	-0.454234
-0.24162	0.54445	3.38268
-1.71316	0.309076	4.63614
-0.524175	-0.713351	4.13822
-1.65214	0.0994491	3.36844
-1.12489	0.877776	2.70283
-0.42195	-0.921538	3.54438
-0.225848	-0.39392	5.51489
-1.74719	-0.392667	3.78258
0.454678	0.132004	-5.13346
-0.105342	-0.708336	3.81412
-0.335723	-0.0741207	4.57804
-1.48402	0.735375	2.78752
-1.36403	0.767372	4.52664
-0.239395	-0.219921	1.11125
0.0777882	-0.0592672	-0.55563
-0.830619	-0.266487	9.25728
-0.912757	0.556047	4.23693
-0.160438	-0.796634	3.64632
-1.35505	0.558096	3.03628
-205.817	-84.0556	401.538
-0.2907	0.533925	3.41426
-0.166615	-0.93455	3.5997
-0.873975	-0.799533	3.75788
-1.23254	0.322327	5.05139
-399.728	-169.622	776.386
6.02303	3.86419	-18.0351
-1.11346	0.809547	2.77967
-0.984357	0.288507	3.46605
-0.440749	-0.442275	2.0034
-0.609767	0.363007	3.74418
-0.471943	0.489202	3.48481
-1.38054	0.0410312	3.31406
-0.522174	-0.714347	4.13486
-0.593991	-0.67225	4.10863
-0.0384839	-0.738091	3.6208
-1.19832	-0.448569	4.10706
-0.112605	-0.856458	3.45718
-359.814	-151.911	698.242
-0.30244	-0.0685652	3.95568
-0.0563357	0.242506	5.3004
-0.355211	-0.392357	5.54028
-1.10527	0.190838	5.16124
-1.12174	0.393664	5.18499
-0.297339	0.4126	3.88896
-0.107825	0.269468	4.99191
-1.6424	0.0616845	3.36636
0.104934	-0.00798771	-0.512659
-1.35724	0.555649	3.03807
-0.51607	-0.716307	4.13745
34.4738	25.0777	-73.545
-0.128024	-0.13295	1.61646
-0.992749	0.278765	3.47101
-0.152149	-0.87199	3.47675
-0.174665	-0.899053	3.68626
-0.597729	0.371632	3.71406
0.0789423	0.0186461	-0.519748
-0.577671	-0.686489	4.29158
0.0855969	0.0236272	-0.569735
-0.0634934	-0.792392	3.94019
-1.06456	-0.440331	4.23364
-0.600718	-0.663654	4.06518
-0.549189	-0.700319	4.28977
-0.516327	-0.716664	4.13951
-0.717282	0.0392249	4.96457
-1.69684	0.0821303	3.37179
-0.110976	0.280029	4.88942
-0.125524	-0.705254	3.85381
-0.401398	-0.692474	4.53425
-0.707236	-0.255172	5.20325
-0.225771	0.441665	3.79053
-1.35621	0.557696	3.03652
0.385556	0.0930978	3.62611
-0.0296478	-0.734079	3.60887
0.0399843	-0.00705953	-0.893504
-0.0694314	-0.826875	3.46036
-0.0690321	-0.234858	1.33624
-0.449491	-0.442272	4.42015
-0.291238	0.00279841	1.41584
-1.26927	-0.232873	4.36746
-1.2735	0.285944	4.99271
-0.244663	-0.181991	1.22874
0.0061339	0.0939121	-0.601953
-0.929393	-0.18363	4.89407
-0.203734	-0.772957	3.77073
-0.645878	-0.332195	5.09747
-2.97667	-1.14589	34.1322
-0.110379	-0.853827	3.45882
-0.100632	0.267429	5.01537
-0.545646	-0.15861	8.92445
-0.432588	0.519163	3.41409
-0.159435	-0.798628	3.64325
-1.44636	0.0459896	3.32661
-0.922879	0.93701	8.50289
-0.133774	-0.845151	3.81423
0.0398563	0.0628966	-0.653985
-0.295689	-0.590275	4.65576
-0.355922	-0.0664724	4.31585
-0.00699613	0.0597824	3.69143
-0.213605	0.407557	3.95342
-0.867692	0.560095	7.5029
-0.540602	-0.15424	6.19889
-0.00668112	-0.756048	3.52522
-0.619156	0.337484	3.79749
-0.133613	-0.694967	3.91533
0.0641348	0.0598861	-0.578275
-0.0198627	-0.778777	3.49227
-0.368859	-0.538486	4.80399
-1.22182	0.481393	3.15914
-0.0839362	-0.738806	3.68943
-0.769594	-0.0357561	5.20432
-0.407041	0.51931	3.40797
-0.263875	-0.336704	5.79933
0.0978761	-0.0515975	-0.50989
-0.294536	-0.283796	6.47331
0.277477	0.436262	6.50481
-0.276268	0.071169	1.52748
-0.589348	-0.309108	5.92796
-1.01804	0.632573	4.55223
-0.684283	-0.383306	5.70745
0.441626	0.0037498	3.43568
-0.243489	-0.0568356	2.93226
-0.11244	0.409101	3.95386
-0.253419	-0.0577093	2.63455
4.56796	1.42203	-8.34149
-0.0443592	-0.740458	3.58286
-0.219195	-0.199359	1.04143
-0.737341	-0.225118	8.14874
-0.0471058	-0.49247	4.49646
-1.01842	-0.738715	3.7653
-0.848242	-0.0219752	4.61479
-0.645673	-0.665388	5.17524
47.0617	15.4081	-88.3945
-1.65334	0.0796408	3.34491
110.843	41.3489	-245.85
-0.406526	0.963028	2.53175
-0.0665547	-0.241672	1.32856
-1.11168	0.811679	2.74393
-0.423983	-0.912326	3.48343
-1.66041	0.0948985	3.34374
-0.751328	0.510161	4.42702
-0.207877	0.440756	3.75035
-1.46572	0.132785	3.33551
-10.7927	-9.27801	52.5901
-0.399024	0.16216	9.56564
-0.584533	-0.670788	4.04321
-0.142844	0.0054139	2.18638
-0.57119	-0.679988	4.60637
-0.0690208	-0.726043	3.66019
-0.44702	-0.455004	2.01516
0.0130024	-0.512231	4.21374
-0.217408	-0.166977	1.32381
-0.372679	-0.932962	3.49511
-0.846677	0.528589	5.15548
-0.573553	0.425531	3.55173
-1.11229	0.812125	2.74543
-0.11107	-0.863489	3.41005
-0.144055	0.43274	3.78522
-0.160838	0.452683	3.69379
-0.107093	0.267638	4.958
-350.705	-148.353	673.397
0.0124707	-0.557794	4.04143
-0.78207	-0.0877343	5.49648
-1.5082	0.0425576	3.31494
-1.08941	0.800205	2.7606
-0.0364101	-0.801676	3.42569
-0.220867	-0.848593	3.55125
-1.66777	0.103214	3.33585
-0.500238	-0.0384243	6.14586
-0.326967	-0.0313036	1.30889
-1.11592	0.532093	3.08509
0.361944	0.309285	-1.72102
-0.107595	-0.174313	1.51604
-0.299624	0.15787	1.53838
-1.37431	0.0368277	3.29043
-0.164669	-0.801071	3.60033
-0.490663	-0.512216	2.2554
-0.121401	-0.242834	1.27644
-0.0276813	0.166644	6.4907
0.497596	-0.989147	-9.63196
-0.0660782	-0.904009	3.29325
-0.439356	-0.0497364	5.03793
0.0580965	0.0697249	-0.598419
-0.771761	-0.072841	5.26961
-0.231104	-0.389749	5.80469
-0.55057	0.0430179	5.18586
-0.179833	-0.0305871	1.80106
-0.776689	-0.0556475	5.21882
-0.353547	0.0397559	1.30713
-0.194654	-0.326951	6.41715
-0.129442	0.450441	3.6907
-1.11529	0.536486	3.07998
-0.661316	-0.117589	5.83804
-0.0377527	0.209033	5.69055
-0.581711	-0.677672	4.17462
-0.180469	-0.785226	3.66126
-0.138338	-0.677684	3.94435
-0.620993	0.338168	3.76499
-0.0336854	0.195107	5.92258
-0.0824948	-0.746742	3.62607
-0.0195644	-0.786645	3.43982
-0.131046	-0.703453	3.84009
-1.22665	0.476293	3.12568
-0.394239	-0.695057	4.33229
0.393517	0.0910678	6.17748
-0.558425	0.0746135	5.06099
0.0804317	-0.0139906	-0.6487
-0.808725	0.281982	6.70717
0.0565661	-0.0354757	-0.725955
-0.734158	0.0384146	4.85267
-0.110401	-0.799569	3.51275
-2.62786	-0.988972	29.6694
-0.962431	0.37933	3.2917
-0.485583	0.321535	6.89003
-0.895975	0.875669	2.66508
0.392753	0.0839216	3.52471
-0.348038	-0.918157	3.48038
-0.161877	-0.197754	1.34541
-0.223299	0.136046	1.8082
-0.0354998	-0.810042	3.38862
-1.38319	0.0279746	3.2637
-1.11972	0.186943	5.08524
-1.221	0.460475	3.11935
-0.300513	0.00763636	1.41497
-0.668237	-0.305065	5.08442
-0.818536	0.306951	6.71456
-0.303601	0.284046	1.54001
-0.0590441	-0.904307	3.26296
-0.294005	0.390766	3.90766
-0.543212	-0.519465	3.11679
-0.32867	-0.0341422	1.29576
-0.1168	-0.259948	1.23879
-0.204822	-0.900569	3.41371
-0.288536	0.515475	3.40408
-0.481291	0.461375	3.48521
-0.503912	-0.723663	3.97825
72.682	25.0584	-145.363
-226.881	-94.1538	435.512
-0.358642	-0.220218	6.60655
-0.163966	0.437954	3.72651
-0.381697	-0.938091	3.46098
-0.471949	0.100899	1.13919
-0.104524	-0.713179	3.73299
-0.317307	0.0474753	1.40817
-0.331672	-0.131451	1.18374
-221.222	-91.6713	424.029
-1.06514	0.774983	2.76968
-0.2337	-0.649166	4.39758
-0.990566	0.202089	3.47858
-1.18343	-0.0491978	4.69615
-0.0633051	-0.848544	3.35709
-0.0477122	-0.884404	3.63027
-0.106271	-0.798706	3.50896
-0.322941	-0.802526	3.89756
-0.29519	0.394327	3.88408
-0.962735	-0.692494	3.85535
-1.11903	0.801689	2.73126
-1.47212	0.00425221	4.46482
-0.575845	0.257759	4.11318
-0.0965056	0.248185	5.11772
-1.07026	0.772492	2.76983
-1.3646	0.545273	2.98134
-0.136034	-0.259438	1.22332
-0.169835	-0.926827	3.56367
-1.00137	0.259355	3.41599
-0.173576	-0.082428	1.67084
-0.513164	-0.742453	3.99127
-1.09731	0.794954	2.74248
-0.0655015	-1.10891	3.03248
-0.259239	-0.0111746	1.53577
-0.110082	-0.865074	3.3797
-0.143832	0.00602394	2.16614
-0.3914	-0.0281735	1.18709
-0.564441	-0.680645	4.48579
-0.795524	0.462595	3.2634
-0.282065	-0.0628003	3.12809
-0.0374886	-0.748025	3.52715
0.640405	-0.163511	4.31374
0.0706029	-0.0560629	-0.589368
2.40979	1.03929	-27.2214
-0.566047	-0.433373	4.85865
-0.146587	-0.520701	5.00638
-1.63737	0.123476	4.46575
-19.8033	-12.6929	57.9066
-0.514509	-0.0580638	4.90088
-0.455774	-0.720717	4.08525
-0.443615	-0.454747	1.98509
-0.499263	-0.805996	3.8503
-0.14348	-0.885627	3.38031
-0.242926	-0.0460367	1.50945
0.00115467	-0.793667	3.36778
-0.110228	-0.224032	1.34518
0.194699	0.052935	1.78689
-0.401782	-0.564093	4.60709
-0.446216	-0.457513	2.01453
-1.45634	0.0454808	3.28981
-0.595927	-0.673213	4.4272
-0.143521	-0.885881	3.38127
24.4154	16.9885	-101.205
-0.528829	-0.0531125	4.98108
-0.154209	-0.727126	4.11851
-0.529173	-0.0614958	4.8969
0.0912332	-0.550708	4.69467
-0.287277	0.49743	3.4504
-0.99701	0.255754	3.42597
-0.227307	0.381707	3.99665
-0.576453	0.386881	3.61977
-0.832569	-0.0953889	5.22802
-0.236449	-0.781601	3.95936
-0.282769	0.408758	3.82445
-0.0195869	-0.767964	3.44378
-0.528898	-0.0614638	4.89435
-0.920603	0.203245	5.67936
-0.106936	-0.165231	1.56683
-0.148332	-0.862633	3.72577
-0.677849	-0.147338	5.62175
-0.21203	0.160544	1.88282
0.0515692	0.0786862	-0.573863
-0.396184	0.511424	3.38146
-0.35204	-0.0971638	7.73715
-0.107132	-0.107217	1.84669
-0.265842	-0.66665	4.29437
-1.15794	0.483699	3.07808
-0.169057	0.407639	3.8422
-1.85471	0.376129	4.53949
-0.391785	-0.794657	3.88088
-0.533211	-0.702367	3.86118
-0.979312	0.163219	5.35561
-0.560566	-0.674821	3.74901
-1.11969	0.485197	4.89862
-0.610693	-0.6731	4.68049
-0.322362	-0.446347	5.20739
-0.280324	-0.916181	3.58951
-0.192254	-0.87655	3.42148
-0.32223	0.401882	3.80159
-0.499898	-0.728859	4.00681
-0.501897	-0.729033	3.84665
-0.0839563	-0.904862	3.26497
-1.39396	-0.447259	3.91352
-0.317487	-0.539728	4.76231
-0.193756	-0.930664	3.33515
-0.201292	0.406244	3.84285
0.575536	-0.568643	3.61864
-0.473979	-0.509751	4.69507
-0.139699	-0.790278	3.54309
-1.51314	-0.380149	3.9133
-0.117739	-0.108564	0.535175
-0.241774	-0.439141	5.18087
54.8174	36.2149	-157.52
-0.125671	-0.94619	3.49086
-0.1324	-0.879471	3.35798
-0.729482	0.496513	7.64427
-51.7494	64.7614	313.361
-0.602772	0.403851	3.50449
-0.0881259	-0.764511	3.95437
-0.119369	-0.733666	3.66484
-0.218282	-0.916269	3.38047
-0.414079	-0.441105	5.0674
-0.56943	-0.676543	4.13486
-0.56644	-0.564761	4.40564
-0.441134	-0.455802	1.92515
-1.36672	-0.307651	4.13086
-0.4175	-0.384994	5.33303
-1.12407	0.78212	2.72833
-0.0415012	0.209634	5.5867
-0.297798	-0.55893	4.69501
-0.887488	0.876439	2.63685
-0.461529	0.501107	3.35135
-1.02299	0.242031	3.38844
-0.244793	-0.70225	4.17533
-1.09981	0.766609	2.74873
-0.250918	-0.403299	5.5866
-0.607266	0.233106	4.10949
-1.07236	-0.244646	4.50032
-0.458767	-0.851793	3.72722
-0.808907	-0.120441	5.2781
-0.0924383	0.199518	5.73642
-0.890284	0.874384	2.64157
-0.457967	0.936308	2.53461
-0.0675297	-0.896986	3.58112
-0.476852	-0.84131	3.74884
-0.0780744	-0.0202831	0.793441
-0.814886	-0.222104	4.9619
-0.566602	-0.662374	3.69707
-0.171594	-0.828636	3.49987
-0.111928	-0.823029	3.43638
-0.3058	0.508634	3.39132
0.717022	0.149975	4.31199
-0.592552	-0.186039	6.5712
-0.265866	0.521885	3.35689
-1.9419	0.387226	4.45624
-0.00982523	-0.807217	3.3322
-0.279781	-0.377519	5.70649
-0.173526	0.417092	3.79398
-0.51997	-0.34089	5.28425
-0.452359	0.0624213	7.90048
0.16591	-0.461392	4.98869
-1.47334	0.123601	3.29393
-0.0805462	-0.75455	3.54874
-0.0986461	-0.734921	4.05237
-1.08472	0.0555539	4.96355
-0.568444	-0.678208	4.32888
-0.163363	0.463201	3.57177
-0.0776396	-0.925832	3.23319
-0.659036	-0.0821326	5.9422
-0.377875	-0.791719	3.89226
10.9445	5.45325	-120.06
-0.040449	-0.834018	3.32535
-0.356135	-0.786959	3.90678
-0.813228	-0.114444	5.26858
-150.813	-78.116	350.048
-0.623564	-0.667842	4.63252
-1.03401	0.221348	3.39639
-0.193437	-0.904523	3.60647
-1.39407	0.532675	2.96401
-1.38746	0.0269764	4.55243
-0.321098	0.388438	3.85661
-0.159563	-0.904805	3.34427
-0.546622	-0.0302743	5.11062
-1.39325	0.355137	4.86013
-0.0422479	-0.761362	3.47325
9.67171	4.86194	-110.902
-0.527165	0.451517	3.43287
-0.150654	-0.918306	3.57144
-1.03411	0.220797	3.38794
-0.349104	-0.527055	4.78288
-0.950062	0.244799	5.58356
-0.294657	-0.389195	5.18085
-0.809535	0.152349	6.12193
-0.230937	0.386459	3.92941
1.08274	0.364849	-11.8272
-0.752382	-0.213046	5.13728
-0.128921	-0.736086	3.67585
-0.193366	-0.801469	3.57884
-0.287899	-0.58125	4.60176
-0.530168	0.44754	3.45243
-0.247831	0.378338	3.96137
-0.518634	-0.0831895	4.5594
-0.148331	-0.724871	3.72566
-0.133443	0.395704	3.91034
-0.637469	0.314319	3.73604
-0.294817	-0.389406	5.18365
-0.302439	0.405963	3.7983
-0.436599	-0.449787	1.91909
-0.197587	-0.818754	3.54497
0.200729	-0.184223	-2.41772
-1.28274	0.435372	3.06806
-1.73456	0.162711	3.22353
-0.289706	0.512556	3.34276
-0.0822891	-0.929562	3.20013
-0.65944	0.321089	3.62519
-0.128452	-0.899165	3.28963
-0.185743	-0.793629	3.546
-0.340838	-0.925131	3.40838
-0.132875	-0.759772	3.5774
-0.611592	-0.662206	4.42877
-0.539943	-0.695221	3.70549
-0.452048	0.949064	2.48508
-0.563165	-0.671915	4.07809
-1.1821	0.482667	3.03473
-0.553971	-0.673939	3.7049
-0.911045	0.866361	2.60653
-0.255151	0.406085	3.77336
-0.212586	0.407157	3.78332
-0.0906235	-0.878111	3.2812
-0.350367	0.386487	3.79263
-0.156804	-0.873625	3.3601
-1.38826	0.586398	2.8638
-0.354123	0.480642	3.42384
-0.192606	-0.830653	3.47484
-0.151201	-0.930229	3.26669
-0.24596	-0.870369	3.44343
-1.43772	-0.00427347	3.2051
-0.163951	-0.868621	3.37547
-1.574	-0.00432587	3.2444
-1.54143	0.0853234	3.26969
-0.0615751	-0.518051	4.31025
-0.336786	-0.923404	3.4068
-0.185432	-0.899124	3.34543
-0.213447	-0.941308	3.3056
-0.238462	0.425575	3.693
-1.18355	0.482573	3.04143
-1.73535	0.0481521	3.28309
-0.13003	-0.893879	3.29787
-0.0909611	-0.751272	3.53738
-0.186005	-0.794749	3.551
-0.625348	0.17925	4.25821
-0.231472	0.391666	3.85787
1.78257	0.649606	-16.1632
-0.0621365	-0.0555487	0.280124
-0.387888	-0.396569	1.62783
-0.515964	-0.0881331	4.49222
-0.624451	-0.549545	3.78128
-0.0729496	-0.777472	3.45032
-0.223835	0.382589	3.90929
-0.188418	0.397186	3.84303
-0.883811	-0.164341	5.29319
-0.571421	-0.662681	3.94006
18.8518	13.5191	-73.2152
-0.0532695	-0.837075	3.30573
-0.158347	0.213758	5.30857
-1.28619	0.434806	3.06736
-0.129322	-0.832502	3.3981
-134.232	-70.795	306.106
0.8486	-0.0945716	2.22646
-0.629439	-0.560524	3.8327
-0.517899	-0.095217	4.38345
-0.581704	-0.655605	3.93651
-1.05783	0.214008	3.35145
-0.24086	0.42856	3.67806
0.848268	-0.0920534	2.21973
-0.0992171	0.170241	6.15709
-0.240765	0.387354	3.87118
-5.16454	-2.07208	46.2914
21.2785	15.188	-82.9931
-130.866	-69.0018	296.944
-0.140691	-0.890232	3.3146
-0.47959	-0.72895	3.84498
33.0018	21.7261	-92.1144
-0.193582	-0.831801	3.48098
-1.43105	-0.00631341	3.19936
0.379989	0.016576	3.59604
-1.41665	0.524632	2.93
-0.351238	0.372859	3.85307
-0.0271868	-0.816921	3.30931
-0.0979974	-0.7682	3.50444
-0.5038	-0.731747	3.74279
-1.06043	0.20526	3.35267
-1.18788	0.485568	3.03545
-0.184058	-0.921602	3.30972
-0.179147	-0.915399	3.31566
-0.269066	0.369045	3.94239
-0.225587	-0.812291	3.55197
-0.148296	-0.887411	3.32857
-1.287	0.433129	3.07172
-0.292088	0.405193	3.75775
-0.0376873	-0.820475	3.3131
-0.85154	-0.129952	5.22277
11.3731	5.7142	-117.627
-0.345951	0.384706	3.80166
-0.455832	0.489869	3.33941
1.14642	0.418654	-11.857
-1.05514	0.168671	3.37303
-0.483669	0.483516	3.34801
-0.276951	0.358495	3.9913
-0.748927	-0.100484	5.18415
4.38923	1.49679	-45.4327
-0.624054	0.385401	3.49433
-0.567167	0.426196	3.43865
1.3405	0.6266	1.6575
1.3303	0.6256	1.6464
1.323	0.6252	1.6384
1.316	0.6254	1.6302
1.3066	0.6256	1.6196
1.2991	0.6257	1.6118
1.2922	0.6256	1.6041
1.283	0.6257	1.5933
1.2757	0.6256	1.5853
1.2683	0.6255	1.577
1.2582	0.6251	1.5661
1.2509	0.6247	1.5583
1.2434	0.6244	1.5508
1.2336	0.6244	1.5407
1.2263	0.6243	1.5324
1.219	0.6245	1.5236
1.2089	0.6245	1.5116
1.2012	0.6247	1.502
1.1937	0.6248	1.4929
1.1843	0.6252	1.4803
1.1772	0.6252	1.4713
