3446	31
-1.80066	0.478658	3.41898
-0.646198	-0.144063	4.32171
-1.41609	0.472029	3.51511
-1.30071	-0.144525	2.57203
50.375	11.8359	-96.3486
-1.63655	0.401544	3.54304
-1.06699	-0.125156	2.22731
-0.641198	0.415807	4.08035
-0.26905	-0.670346	4.78818
-0.236823	-0.674721	4.69177
-1.19028	-0.129124	2.46507
1.05829	-0.0181663	2.21798
-0.325932	0.0530586	7.9588
-0.513971	0.329469	4.61256
-0.274526	-0.621297	5.05707
-0.563563	-0.157798	2.62996
0.312298	-0.136514	1.17813
1.3613	-0.372348	3.12772
-0.235261	0.666022	3.47922
18.8437	7.32171	-126.025
1.05299	0.012249	2.21749
0.344934	0.172328	7.30793
-1.05957	1.00713	2.92931
-0.239304	-0.673099	4.70542
-0.271239	-0.0401952	0.637144
-1.22431	0.0757205	5.16276
10.0925	2.16373	-25.1989
-0.518001	0.330434	4.60154
-1.45731	0.46165	3.51766
-0.571053	-0.163092	1.71934
-0.191499	0.526436	3.94264
-0.598971	-0.690006	5.43108
55.2963	25.1431	-241.318
-1.51404	0.40984	3.55646
0.20918	0.100632	-1.55583
0.176871	0.0510566	-1.08592
0.348507	0.639517	6.16048
-1.3813	0.119242	5.00815
0.629695	-1.01476	2.68118
-0.204935	0.734691	7.31904
-0.0852156	-0.149219	1.98833
-1.08264	-0.210233	5.90226
-0.314665	0.762767	3.25836
-1.03658	0.700325	4.62711
-10.2937	-2.4688	19.8695
-0.360045	-0.65844	5.0731
-0.686957	0.199255	7.50421
-0.328755	-0.560867	5.47925
-1.13952	-0.15116	2.17656
-0.648703	0.411141	4.08651
-0.0425863	0.00330819	0.204746
0.233457	-0.339595	6.24694
-0.160657	0.0880828	2.00535
-0.301993	0.679124	3.45417
-0.115779	-0.0200084	2.19755
-0.020919	0.0302918	0.186606
-1.2367	-0.14339	2.45209
-1.4537	0.390084	3.58408
-0.206317	-0.510319	5.42124
-0.193426	0.526774	3.94517
-0.282431	0.0399186	1.40653
-0.428919	-0.628627	5.41565
-0.307497	-0.0730491	2.16115
2.89473	0.581342	-5.83553
-1.52804	0.531151	5.22238
-0.237467	0.675045	3.4527
-0.356202	0.661778	3.50278
0.772457	-0.148305	4.46139
1.10395	-0.584977	2.20507
-0.384148	-0.664404	5.0975
-0.189509	0.168741	1.80514
-0.473867	0.362511	4.51376
-0.281602	-0.739176	4.52779
-0.0209981	0.00636391	-3.53073
-0.290717	0.228562	1.43473
-0.305634	-0.632422	4.91418
1.09002	-0.10009	2.23606
22.3533	-1.78845	-108.669
-0.704153	0.35142	4.2034
-1.19407	0.740591	3.24214
-0.503937	0.381254	4.38751
-1.15715	-0.140767	2.29937
-1.17023	0.724308	3.26495
-1.45948	0.456761	3.52211
-0.365885	0.252151	5.31986
-1.63606	0.390613	3.55312
-0.506982	0.431471	4.17476
2.17248	0.689639	-16.6277
-0.282721	-0.684298	4.74667
-0.0331202	0.00749536	0.16498
-0.282448	0.105749	1.4472
-1.68583	0.410743	3.52515
-0.832026	-0.123405	5.68109
0.888773	-0.696822	2.50247
-0.68374	0.357855	4.21403
-0.53348	0.442949	4.1079
-0.657802	0.38569	4.15529
-1.10436	0.783298	3.19865
-0.127704	0.15801	2.24324
-0.19077	0.513255	3.99832
-1.67924	-0.488921	5.05623
-0.247578	-0.480415	5.6574
-0.480338	-0.0967152	1.95898
-1.46323	0.452565	3.52554
-1.20945	-0.562572	4.20161
-0.50483	0.722522	3.35649
-1.32838	0.829629	3.1118
55.5526	25.3468	-242.167
-0.847509	0.408145	7.32843
-1.11709	0.772385	3.21106
-0.320376	-0.294783	4.69416
-0.339345	0.725478	3.34565
-0.215094	-0.518522	5.40256
-1.10436	0.783298	3.19865
-1.42978	0.492316	3.49146
-0.550899	0.287359	8.36203
-64.9095	-30.4683	142.065
-0.68374	0.357855	4.21403
-0.502629	0.308541	4.73429
-0.524873	0.198867	5.70832
-0.0767708	-0.180442	1.47849
-0.23324	0.52198	3.96859
-0.307916	-0.60217	5.23921
-0.324479	-0.493483	5.7052
-0.373886	-0.117265	1.07963
-0.0351059	-0.00121256	0.204901
-0.0252666	-0.237913	8.88477
-1.16919	0.475261	4.56819
-0.488494	0.252644	5.05229
-0.180385	0.258007	1.82974
0.878971	-0.622602	2.53347
-0.220419	0.208845	1.68499
-0.74739	0.0482833	6.57044
-0.204232	0.0439858	1.70618
-0.538248	0.439771	4.11463
-0.0323315	0.00587599	0.204861
-1.33743	0.480015	5.3443
-6.36654	-2.29413	55.9684
-0.283832	0.136063	1.45351
-0.481663	0.405374	1.86128
-0.560456	-0.0683761	7.03872
-0.531605	0.405766	4.24856
-0.2467	-0.879354	3.94329
-0.0248824	0.0202161	0.157668
-0.454584	-0.52629	5.70907
-0.938181	-0.107489	5.89119
-0.613121	0.619024	3.55383
-14.6113	-4.11286	43.3013
-0.336728	0.669343	3.48264
-0.281771	-0.244994	4.06073
-0.259287	0.2975	1.5298
-0.0346361	0.0270501	0.185107
-0.174527	-0.0480244	1.68603
-0.398172	0.0225079	9.16337
-0.906734	0.715963	7.97126
-0.933344	-0.154714	5.90297
-0.535344	0.387811	4.31769
-0.185355	0.139454	1.83088
-1.28165	0.746923	5.0525
-0.102449	-0.121858	1.69934
-0.409937	0.226135	5.37881
-0.0556804	0.00311103	0.210989
-0.174001	0.0536184	1.88848
-0.139907	0.241976	1.9523
-0.50789	0.273258	4.90647
-0.274389	-0.646441	4.88319
1.09311	-0.121916	2.16969
-0.421333	0.124744	1.15913
24.1492	12.2582	-175.357
-1.08537	-0.295183	4.76835
11.2009	-13.0675	-89.1262
-0.475323	0.688733	3.39516
-2.14676	0.107938	4.19758
-0.176622	0.514833	3.9458
-7.45637	8.53326	33.3116
-1.8924	-0.423006	3.89611
-7.65636	-2.45253	23.5469
-1.10615	0.730244	3.23526
-0.457629	0.344311	4.57629
-1.62104	0.392674	3.524
-1.30015	0.234127	5.23051
-0.217389	0.63879	3.51168
-1.4396	0.928863	2.94654
-0.251642	0.724699	3.96733
0.902935	-0.711021	2.45744
-0.345401	0.713065	3.33951
-0.612115	0.207061	7.93482
-0.217603	0.642162	3.49363
0.911794	-0.811252	2.42131
-1.31272	0.773708	3.15125
-0.510011	0.122339	8.3413
-0.33664	0.623635	3.57043
-1.15415	0.595852	5.32917
-7.70763	-2.46896	23.7046
0.0313528	-0.00879705	-0.0922888
-0.182264	0.516788	3.93779
-0.91325	-0.033346	5.64731
-0.54693	0.504464	3.84388
-1.13878	0.063487	5.28388
-0.213265	0.0481025	1.69489
-0.591457	-0.119977	4.23854
-0.957789	0.595828	5.68952
-0.655102	0.381239	4.12681
0.000398928	3.76199e-05	0.00609832
-0.756592	0.105146	6.7484
17.0351	-23.0615	-186.092
-0.8081	0.486077	7.98969
0.452242	-0.668579	4.10915
-1.31166	0.765884	3.1487
-1.62528	0.384166	3.5297
-1.48418	-0.453301	4.15039
20.0922	10.6512	-159.678
-2.12966	0.674395	4.83236
-0.322443	-0.431293	5.79814
-0.170985	0.49589	4.02832
-7.75446	-2.57813	57.6075
-0.659766	0.627176	4.96214
-0.336773	0.634022	3.54093
-1.08967	0.745546	3.21747
-0.458003	0.327854	4.6545
-0.49104	0.39964	4.27522
-0.368362	-0.649375	5.11127
-112.913	-56.5835	250.596
-27.8873	-5.7317	56.9345
-1.04627	0.963893	2.94616
0.766631	0.29023	4.79213
-0.339903	0.708507	3.34249
3.27246	0.835611	-8.29267
0.841123	-1.09487	-8.66303
-0.278379	0.0655653	1.48652
-0.27039	0.616463	3.58798
-0.324644	0.625954	3.56133
-0.197418	-0.898055	3.82142
-1.09379	0.743343	3.21711
-1.4187	0.437788	3.51871
-0.33935	-0.645712	5.03032
-0.507486	0.396476	4.27149
0.348706	0.0480572	-1.14327
-0.321235	0.271889	1.54685
-0.387559	-0.454515	5.61354
-0.430627	-0.663915	5.17213
-7.02863	-2.37121	52.2154
0.238771	0.397453	3.79726
0.659294	-0.217156	4.69933
-0.272969	-0.505252	5.53785
-0.230369	0.683933	3.3754
-0.180684	-0.543279	5.15175
14.5013	7.28285	-136.588
-0.0144526	-0.0123816	0.179148
1.14725	0.3378	-7.70849
-0.498318	-0.506863	5.15384
4.75536	-6.15319	-50.4168
-0.301358	0.253025	1.17969
-2.46353	-0.716503	6.56243
-0.274866	0.044391	1.45956
0.135905	0.00150255	2.10835
-0.00275193	0.00693854	-0.1029
0.0082448	-0.00475025	-0.0950193
-0.171834	0.3307	1.88829
-0.859968	0.618281	5.63485
-0.252996	-0.624303	4.94261
-0.47123	0.334895	4.60297
-0.660118	-0.0455668	6.63226
-1.42135	0.445217	3.51155
-0.133271	0.20102	2.13018
-0.185311	0.0101002	1.79021
-4.37747	8.53302	48.7212
-0.24425	-0.608023	4.99362
-0.172524	0.194277	1.91986
-0.486763	0.429865	4.15455
-0.437493	0.711257	3.34441
-0.281426	0.705145	3.32019
-0.449316	-0.523379	5.18442
0.073322	0.207595	3.25332
-1.32407	-0.373424	2.569
-0.0658499	1.02067	6.91424
-0.42502	0.284904	4.90408
-0.314006	0.596956	3.62314
-1.48475	1.48432	9.11402
-0.267696	-0.657898	4.76409
-0.336709	0.689451	3.36709
-0.492246	0.0384567	8.07592
-0.483798	0.293896	4.74755
-12.0452	1.90067	39.1086
0.340639	-0.779685	3.97412
-0.675071	-0.101838	1.31997
1.34395	0.248886	-2.58921
-1.96357	0.0868835	3.64911
-0.588031	-0.729512	4.64235
2.15814	0.735228	-12.6591
-0.467101	0.37659	1.90102
-1.06828	0.731575	3.21403
-1.55614	-0.227953	6.91766
-1.62567	0.483306	5.12597
-1.12458	1.03245	2.84532
1.65368	0.0706199	3.08962
-0.215327	0.604966	3.58878
-0.910328	1.03999	2.83633
-0.495965	-0.113115	9.13621
0.14113	0.118967	-1.95792
-1.17737	0.669485	3.27567
-0.866041	0.112859	6.23692
-0.357821	-0.0558527	0.727285
-0.223932	0.603317	3.59525
-0.261735	0.620183	3.55067
-1.62478	0.430768	3.4633
-1.61416	0.320933	3.56215
-1.17049	0.58271	5.3204
-0.220357	-0.701054	4.66481
-0.438233	0.283781	4.88476
-0.189761	-0.611452	4.81278
-267.363	-143.849	596.04
1.42773	0.896383	-10.722
-0.489417	0.655832	3.43968
27.0629	6.44851	-55.7918
-1.72852	1.73224	10.8407
0.929559	-0.846992	2.38174
0.364859	0.060828	-0.793153
-3.01894	-0.92301	12.7913
-21.0725	-7.5644	65.6545
-1.52027	0.0648285	4.79365
-1.64332	0.718148	5.20038
-1.39162	0.39924	3.53459
-0.324798	-0.0433159	1.24812
-1.51374	0.301819	3.58658
-0.442472	0.278344	4.90701
-0.440702	0.356511	1.83891
1.42713	0.265283	-2.74022
-0.379454	-0.671371	4.96297
-3.73554	-1.14436	15.8579
-0.271641	0.620565	3.55286
0.0763694	-0.184125	-0.999179
-1.27548	-0.320119	4.52024
-0.164618	-0.54507	5.05407
-1.29571	-0.436182	4.31904
3.46837	1.08692	-25.8719
-0.823795	0.438239	7.72583
-0.201385	-0.719847	4.35091
-0.165051	0.484672	4.04536
-1.15873	-0.478756	4.38345
27.9604	13.389	-192.792
-0.248354	0.175941	1.63023
-0.386182	-0.554684	5.14322
-1.18473	0.670909	3.27531
-0.290797	-0.655631	4.84661
-1.01376	0.434668	3.62799
-0.446415	0.675852	3.39959
0.0992014	0.0167421	-0.199666
-3.73246	-1.07672	9.45789
-0.357265	0.14774	6.06532
3.80952	2.44464	-29.0116
-0.465965	-0.520456	5.16755
0.0569437	-0.00754788	-0.257657
-0.496162	0.32278	4.58246
-0.271336	0.619868	3.54886
0.0691944	-0.00511974	-0.203322
-1.40441	0.399619	3.52937
-1.14716	0.657724	3.29748
-34.0981	-12.6683	105.177
-0.200162	0.119997	1.80477
0.0134735	0.000595037	-0.301019
-0.124141	-0.0442941	2.0392
-0.260301	0.111496	1.55385
-1.66915	0.329404	3.54888
-1.30154	0.744066	3.16611
-1.08841	0.710008	3.23892
-0.0471836	0.123366	13.5778
3.1777	0.978734	-23.6069
-0.359052	0.0121734	1.23268
-0.313099	0.602666	3.59019
-0.507643	0.316385	4.57721
-23.0792	-6.63899	58.9868
0.913365	-0.668759	2.43625
0.796445	0.14487	2.60121
-0.167985	0.0734186	1.99865
-1.31213	0.768132	3.13168
-1.18157	0.676629	3.26304
-0.678567	0.287979	4.4188
-0.407603	-0.685204	4.94253
-0.211494	-0.737189	4.29069
-0.285033	0.105549	1.47638
-1.11615	0.135028	5.42613
-0.473933	0.673027	3.40115
-0.177357	0.149147	0.833476
-1.30907	0.745159	3.16013
-1.19432	0.396818	5.48987
-0.194066	-0.732791	4.26509
-0.467587	0.22772	5.13832
0.0157321	-0.00224108	-0.155081
-1.1271	0.653563	3.30279
-0.314643	-0.0737061	1.22936
-0.512012	0.23367	8.57368
-0.0337609	-0.0155549	-0.307571
-0.711318	0.129005	7.10601
-0.21866	0.112207	1.73178
-0.589453	0.355425	4.28263
-0.408717	-0.616376	5.36281
-0.156212	0.179437	2.04969
-0.198234	-0.637782	4.71002
-0.50188	0.384746	4.28357
-16.266	-5.99157	69.1455
-0.137346	-0.74167	4.12039
-0.162968	-0.076408	1.68311
-1.43828	0.679734	5.17189
34.4674	13.9842	-206.805
-1.13091	0.971317	2.88919
-1.90105	0.362104	4.75262
-0.29348	0.0308221	1.4071
-0.337461	0.0713298	1.31397
-1.52091	0.342808	5.0697
-1.47842	0.302481	3.56859
-0.235802	0.598048	3.58829
2.05634	0.569849	-4.24202
-1.33973	0.0329057	4.93585
-1.61047	0.288189	3.55998
-1.64198	0.294542	3.55481
-0.122547	-0.576424	4.76571
2.23793	0.432913	-4.78576
-0.871062	0.99667	2.86713
-0.543497	0.332839	4.42381
-1.04043	1.00232	2.85833
-1.42963	0.87695	2.96076
0.308755	0.308755	3.81403
-0.938627	-0.633104	4.28877
-1.6406	0.303514	3.54888
-1.45154	0.281847	3.5828
-1.29283	-0.0836161	4.82401
10.7896	4.33205	-83.9196
-0.523174	0.442451	3.99806
-12.2869	-2.53383	29.5214
-1.17384	0.641698	3.28674
-0.134434	-0.577059	4.80121
-0.320813	0.664309	3.40256
-0.488111	0.206091	5.17693
-0.231664	-0.723223	4.35927
-0.152045	-0.683785	4.36194
7.1493	4.10315	-51.9117
-1.12838	-0.630031	4.13975
-0.0863701	-0.592376	4.58023
-1.11572	-0.498576	4.37274
-0.874613	-0.49764	4.62409
-0.27885	-0.646968	4.83155
-2.16911	-1.38637	10.1776
-1.12935	0.791846	4.00886
-0.894071	0.258452	6.49222
-1.04129	1.00315	2.86068
-0.682547	0.522835	7.91032
-0.468525	0.264396	4.89796
-1.64665	0.289407	3.55495
-0.132929	-0.651742	4.45643
-0.244297	-0.717161	4.39293
-1.28376	0.573814	5.27218
-0.129162	-0.579687	4.76865
-181.843	-103.078	407.05
-1.22526	-0.526956	4.23923
-0.262401	0.0103775	1.48532
-1.07413	0.69029	3.23978
-3.41913	-2.16593	16.0084
0.0634629	-0.00334211	-0.260338
-1.04104	1.00291	2.86
-0.346101	-0.699536	4.69517
0.919832	-0.694005	2.407
1.56314	1.04243	-11.9047
-1.30405	0.714176	3.17221
-0.24465	-0.718196	4.39927
-0.177028	-0.0840393	1.60252
-0.164122	-0.64167	4.57638
1.00657	0.700991	-9.02297
-1.42196	0.354633	3.54417
-1.16736	0.642672	3.28712
-0.214655	-0.166698	1.28982
-0.187561	0.594693	3.58487
-0.509668	-0.138809	6.91411
0.28978	0.331123	3.8106
-0.390297	0.145437	1.23655
-1.47761	0.298119	3.56586
-0.491161	0.298746	4.67849
-0.428737	0.254974	5.03011
-1.00682	0.462907	6.01014
-1.451	0.276283	3.58711
7.22896	4.06994	-58.8872
-1.3973	0.365949	3.54079
-0.14708	-0.753225	4.10117
14.4982	5.91683	-110.965
-0.848649	0.408583	7.38874
-0.155339	-0.692872	4.33148
-0.235171	0.563077	3.70287
-0.273011	-0.630172	4.90926
-1.07767	0.715662	3.20695
-0.253538	-0.535194	5.31388
-250.414	-139.395	555.765
-0.341767	-0.0486532	1.21168
-0.378152	-0.321919	3.97596
0.919581	-0.698808	2.40717
-0.542601	0.598711	3.53339
0.281405	-0.238377	-1.11169
-0.608965	1.25813	8.9225
-0.534959	0.331727	4.44368
-0.162813	-0.939643	3.65441
-0.796835	0.491729	5.63325
-199.006	-112.264	444.79
-0.454848	0.249945	4.99833
-0.162152	-0.769246	4.0728
-0.118621	0.197899	2.40648
-0.621195	0.629446	4.96457
0.0410085	-0.0418794	-0.28275
0.0311046	0.0242633	-0.322242
21.4232	10.3836	-153.742
-0.261759	0.544802	3.77237
0.0226856	-0.035916	-0.352951
-0.571463	-0.188368	6.35928
-1.11007	0.635789	3.30805
0.126634	-0.0323177	-0.836657
-95.2827	-38.056	295.984
-1.06503	0.669888	3.24139
-1.08237	0.654387	3.25643
-0.706666	-0.587989	5.66412
-0.291928	-0.0991678	1.25453
-0.103127	-0.655889	4.33134
-0.399812	-0.0548762	8.23143
-10.1623	-3.01989	19.2253
-0.296044	-0.0558964	1.30425
-23.0004	-7.62716	59.3363
3.1147	0.813348	-7.55314
1.11776	-0.0788292	2.12233
-0.543462	0.543462	3.63462
-0.513405	0.0604006	7.92757
-1.59798	0.266894	3.54732
1.14513	-0.19119	2.11316
-108.19	-47.1079	341.14
-1.98568	0.32803	4.59242
-1.94377	0.0286451	4.29676
-2.14052	0.698194	4.82305
20.2321	10.6536	-102.627
-0.211708	-0.626116	4.72966
-1.59111	0.385424	3.45894
0.700642	-0.383968	4.15635
-0.556203	-0.574439	4.78699
-0.394625	-0.0560705	1.11928
-0.23254	-0.753556	4.1953
-0.225491	-0.0280755	1.55154
-0.101169	-0.657184	4.31817
-3.26828	-0.925867	6.80067
-0.140874	-0.0702604	1.8536
-1.41651	0.32668	3.53622
-0.107061	-0.601455	4.56967
-7.6029	-4.70718	61.3163
-1.02161	0.894399	2.95506
-0.438543	1.03263	2.73114
-1.26093	0.177024	5.19206
-0.683459	0.233624	7.61818
-1.54031	0.337465	3.50829
-6.25204	-3.85236	42.5739
-0.72065	0.0061594	6.46737
-5.85983	-1.72694	12.0781
-18.3062	-7.62334	78.3264
4.27338	0.882338	-9.28625
-0.115053	-0.195975	1.41991
-1.63775	0.278145	3.53574
-1.47331	0.270303	3.56019
-0.998195	0.38659	3.64381
-1.13705	-0.572918	4.19266
-0.279445	0.0522948	1.46504
-0.389144	-0.00642953	1.18025
0.658711	-0.756565	3.49953
-0.206061	-0.741466	4.20287
-0.477842	0.0487468	8.15033
-1.01973	0.913685	2.93027
-0.757761	-0.5828	4.53827
2.35905	0.46548	-4.94642
-0.639965	0.286614	4.41268
-0.213734	0.59289	3.56223
0.925703	-0.761098	2.32555
-0.250501	-0.672028	4.59514
-0.315803	0.18542	1.41779
-1.43813	0.261243	3.56983
4.01477	2.78411	-19.0412
-0.262111	-0.771374	4.17754
-1.1279	-0.441073	4.4276
-0.137874	-0.700337	4.23299
-0.693098	0.208299	7.45954
-16.8961	-5.8168	43.5403
20.0133	9.57014	-156.326
-1.01528	0.127622	5.61905
-0.421631	1.15465	7.81294
-1.11086	0.994116	2.83863
-2.03235	0.393132	4.61155
-1.13978	0.612836	3.30124
-0.39345	-0.387734	5.86089
10.7868	7.41427	-50.5199
-0.104118	-0.597902	4.58728
-0.815441	0.346436	7.30907
-0.342572	-0.251867	2.67578
-101.706	-44.7127	318.902
-0.130555	-0.759907	4.00827
-0.0250218	0.0563746	-0.343932
0.038925	-0.0119688	-0.367317
-1.01118	0.573823	5.38074
-1.29067	0.694929	3.17013
-2.01616	0.639257	4.90446
-0.291685	0.559259	3.67777
-0.217746	-0.740813	4.21491
-0.24401	-0.643609	4.72329
-0.134271	-0.706275	4.2075
-1.25385	-0.00977599	4.95405
-0.672919	0.215829	4.67027
-0.449966	0.21399	5.15959
-0.541189	-0.333137	5.73792
-0.178472	-0.887618	4.0059
-0.164797	-0.606865	4.69876
-0.392914	0.0258609	7.27209
-1.08006	0.671211	3.23691
0.823309	0.0930146	2.53216
-91.362	-54.0496	206.388
-7.97636	-4.72454	58.4531
-0.676496	0.228763	4.57475
0.00932831	0.0268581	-0.262351
-0.396416	-0.232614	5.80825
-0.543797	0.57989	3.54118
-0.282627	0.140961	1.50583
-1.29687	0.698725	3.16692
-0.178703	0.611421	3.49121
-0.386809	0.653558	3.40051
0.380549	0.209344	3.75888
-1.16533	0.629052	3.273
-0.14822	-0.492322	5.21202
-0.276668	0.573817	3.63018
-0.0893617	-0.701016	4.13493
-0.234591	0.541534	3.74974
-0.545022	0.262739	8.261
-2.0167	0.122969	4.30393
-1.06001	0.65444	3.22611
-1.59058	0.258931	3.53088
-1.28737	0.693197	3.15089
-1.46622	0.266279	3.53915
-1.02607	0.450348	5.19633
2.87353	-7.34563	-27.9442
-1.3705	0.234651	3.57077
-2.03674	0.354591	4.5405
11.9225	8.68588	-56.6492
-0.429477	1.16572	8.05269
-1.16559	0.633159	5.03649
-9.77375	-3.1479	24.4919
-0.0845261	-0.664133	4.2263
-10.1716	-5.73162	54.2154
1.23552	0.25492	-2.49966
-1.4953	-0.458299	4.07809
-0.351959	0.023311	1.20377
-1.10005	0.998339	2.81034
-0.193329	-0.0846109	1.48896
-0.389419	-0.76654	4.3041
-1.11773	-0.629213	4.10356
-0.155992	0.558105	3.63982
-0.280326	0.647649	3.38324
-0.513252	0.412917	4.05199
0.9704	-0.737152	2.31048
0.942072	-0.786907	2.32747
-5.43249	-3.38037	26.2879
2.88519	1.92832	-23.706
-0.147836	-0.553224	4.88139
-14.5342	-4.45373	27.6156
-0.178384	0.549144	3.67262
-0.0890855	-0.670148	4.2135
-1.591	0.261469	3.52883
-1.08873	-0.653548	4.07982
-1.07868	0.641763	3.24904
-1.13929	-0.273038	4.66922
-1.16251	0.678362	4.83229
-0.195838	-0.700666	4.56956
-1.25653	-0.0455062	4.87566
0.939758	-0.74637	2.33937
-1.2106	-0.716812	3.91598
-0.229174	-0.675506	4.50623
-0.281386	0.545141	3.70245
-1.28301	0.69399	3.14905
-0.114216	-0.974512	3.50664
-1.73903	-1.10989	8.43091
-0.297556	-0.0078504	1.3295
-7.15244	-4.52519	55.6326
-1.06525	0.975529	2.83741
14.4146	-21.2237	-229.741
-7.54939	-4.77631	58.72
-0.468518	0.181931	1.14994
-1.45875	0.257964	3.52502
-1.50546	0.290207	4.99537
-0.283224	0.545422	3.70435
-0.0909453	-0.673508	4.21043
-1.06476	0.654446	3.23831
-0.627052	-0.485846	4.87706
22.2036	11.5381	-180.391
-0.289628	0.634888	3.42003
23.6	10.5095	-179.721
-0.190528	-0.748784	4.11635
-0.0336608	0.133041	3.8251
-1.1922	-0.246404	4.64998
-1.89266	0.640799	5.00476
-0.192138	-0.0399361	1.59659
-0.44868	0.223549	5.06836
-1.40285	0.274237	5.08026
-0.291347	0.634545	3.41819
-0.663247	0.207195	4.6976
-1.67652	-0.541479	3.86182
0.939663	-0.751085	2.33807
-1.38303	0.111757	4.92051
-1.63086	0.270859	3.51669
-0.0554753	-0.620842	4.32628
0.017449	0.0522275	-0.403253
-0.094952	-0.68296	4.18343
-0.526572	0.532625	3.6446
0.0178428	0.0573127	-0.381863
0.021205	0.0486333	-0.410444
-1.16378	0.61368	3.27098
-1.26627	0.236482	5.20622
-0.534043	0.567994	3.55073
-0.217735	-0.657889	4.56348
-0.118718	-0.679103	4.24541
-0.285698	0.630228	3.43144
1.96576	1.33996	-16.5469
0.326896	0.275892	3.7757
-2.16542	0.811462	4.89158
-0.359097	-0.758053	4.313
-1.07426	0.667607	3.21952
-1.28846	0.697176	3.14637
-1.15135	0.615144	3.26503
-0.468177	0.605838	3.47813
-0.321927	-0.31728	6.53109
-0.57499	-0.347873	5.53955
-0.12572	-0.712092	4.14461
-0.435073	0.193791	5.27563
-0.144122	-0.513307	5.06791
-0.293757	0.123847	1.40861
-0.160425	0.165561	1.9679
-0.0743727	-0.624928	4.35875
-0.303866	0.1351	9.60932
-0.473812	0.607903	3.47112
-1.15975	0.626044	3.25735
-0.279597	0.554855	3.66861
0.0422742	-0.0524279	-0.3506
0.342221	0.149043	5.80782
-0.144036	-0.513003	5.06491
-0.205326	-0.811945	4.19775
-0.0860716	-0.744706	3.92935
-0.320405	0.156595	1.33679
-0.0655035	-0.761478	4.29867
-1.10177	0.54837	5.28246
-1.895	0.0033779	3.5468
0.265595	0.193423	-2.23127
-0.160659	0.564014	3.58918
0.0731861	-0.012631	-0.390078
-0.136314	-0.656786	4.33727
-1.77311	0.329805	3.42867
0.1275	-0.03774	-0.306
-0.208975	0.557956	3.62085
-0.235546	-0.13247	1.26833
-7.48768	-4.76553	37.6192
-1.22293	-0.42269	4.30898
-0.408247	0.139001	1.14922
-0.700121	-0.651913	5.75217
-1.62576	-0.212733	6.38198
2.4934	0.51361	-4.93043
-0.541581	0.526364	3.63129
-0.547178	0.506647	3.66882
28.5858	7.18678	-69.011
-1.27565	0.682853	3.13099
-0.0994609	0.41159	4.24528
-4.16398	-0.947334	9.09701
-0.37292	0.0662821	1.17165
-0.477986	0.130171	5.46716
-0.80298	-0.488502	4.63767
-0.612019	-0.616337	5.66685
-11.092	-3.36956	20.8938
-0.600596	-0.457217	4.58969
-0.104068	-0.717682	4.04708
-0.357927	-0.774308	4.20385
-0.238759	0.644967	3.34262
-0.209058	0.558177	3.62229
-1.91163	0.945165	5.12933
0.410123	0.292856	-3.40834
-1.09174	0.97482	2.80551
-1.59081	0.338116	3.45486
-0.572185	-0.255877	5.89708
-1.81671	-0.485359	3.82029
0.824862	0.623163	-3.96356
21.6061	9.90362	-154.835
-15.6704	-5.01627	32.4833
0.0838102	-0.0153644	-0.409458
-0.97751	0.151709	5.71357
0.966807	-0.754749	2.28699
-0.323298	-0.812596	4.15397
-0.27288	0.5349	3.70186
-0.168722	-0.580789	4.77772
-1.58083	0.238083	3.51698
-0.216606	-0.682468	4.41795
53.6811	24.4684	-239.038
-1.14338	-0.205834	4.74376
-0.17616	-0.758118	4.04566
-0.0876906	-0.311539	6.55806
-0.10125	-0.985656	3.458
0.0129002	0.0343678	-0.683978
-1.58797	0.269473	3.49869
0.211359	0.156676	-1.78916
-0.151448	0.568411	3.56803
-0.220156	-0.728498	4.20787
-0.221443	-0.106276	1.33061
-1.60385	0.334671	3.45844
-1.40769	0.30488	3.5086
-1.20836	0.569283	5.17835
-1.0791	0.624606	3.24942
-0.0303957	0.0671692	-0.532139
0.964918	-0.757745	2.28846
0.967358	-0.764508	2.29066
-0.0343914	-0.636579	4.18629
-0.144425	0.551622	3.62754
-0.0658002	-0.685434	4.08335
-0.193662	-0.761497	4.05894
0.098065	0.0183662	-0.344456
-0.554559	-0.258696	5.95446
-67.8938	-31.7924	214.655
-0.176669	-0.554527	4.92625
-0.312495	-0.347764	6.2893
-0.291682	0.0540774	1.35553
-1.28729	0.681644	3.14351
-0.269741	0.538617	3.69557
-0.345932	0.23909	1.30179
-0.959981	0.128822	5.72157
-0.271563	-0.734644	4.27587
-0.0658916	-0.683154	4.08902
-0.225053	0.119529	1.67193
0.0878549	0.0566801	-0.362389
-0.206296	-0.031612	1.56944
-0.244744	-0.670912	4.52975
-1.51521	-0.568891	3.90339
-1.38264	0.327429	3.49781
-0.549577	0.307069	4.3922
-0.168395	-0.5746	4.80136
0.72188	0.0498298	4.67196
-1.06034	0.654337	3.21432
0.0522928	0.00217821	-0.54084
-0.654998	0.114293	7.1977
-0.54539	0.200705	5.04696
-0.131848	-0.795655	3.86358
0.190561	0.0899603	-2.1517
-0.256539	1.07713	6.9392
-1.09348	-0.272251	4.6892
-1.10246	0.594057	3.28537
-0.408002	-0.347078	5.97801
-0.212716	0.527377	3.74011
-0.358274	0.246165	1.2683
-27.9631	-10.2137	71.2521
5.46791	-7.13917	-128.186
24.8966	13.2147	-190.321
-0.0787528	-0.141225	1.5977
-1.16111	0.604522	3.26117
-0.260013	0.118745	1.51377
-0.438097	0.00689092	6.31368
-0.710706	0.294336	7.61945
-0.752832	0.35364	5.65662
-0.252359	-0.674899	4.52767
-0.126109	0.565294	3.57626
-0.46243	0.120108	5.56889
-0.253176	0.551838	3.64867
-1.19006	-0.0284275	4.95828
-0.165959	-0.45169	5.83601
-0.500331	-0.56393	5.56772
-0.253194	0.517087	3.74442
7.78583	4.5371	-50.1515
-0.276254	-0.12557	8.78991
21.7992	12.4759	-143.956
-1.66505	1.21661	4.35985
-0.23849	-0.723554	4.24431
-0.636666	-0.553847	5.43495
-0.246704	-0.0114004	1.43645
-0.034404	-0.676611	4.0138
0.103405	0.038926	-0.5015
-2.02864	0.26258	4.44692
1.59395	-1.33934	-5.93447
-0.118175	-0.582119	4.59568
-0.38035	0.155354	5.6249
-0.143253	-0.72401	4.06529
-0.0442713	-0.623823	4.2259
-69.3321	-27.5542	184.298
-1.44055	0.230621	3.50946
0.976045	-0.763168	2.26236
-1.38518	0.854073	4.30563
-0.507589	0.541564	3.56739
-0.4697	-0.0908074	0.97893
-1.57337	0.250596	3.48973
-0.117441	-0.676684	4.19432
-0.0222575	0.0519959	-0.912962
-0.384615	1.02412	2.66038
-0.860329	-0.707905	4.12487
-1.28619	0.509922	5.19824
-1.35294	0.2991	3.49727
-0.331666	-0.777025	4.11643
-1.57853	0.245868	3.49056
-0.411441	-0.70834	4.42818
-1.22537	0.276917	5.26362
51.556	12.4862	-105.101
-34.8842	-22.1112	79.5549
-0.314741	-0.721556	4.43475
-0.400274	0.153567	5.55407
-0.358929	0.202427	1.27949
-0.326154	-0.772526	4.14683
-0.804042	0.114583	6.44619
-0.17033	0.519729	3.7241
-1.4307	0.229017	3.51407
-1.32708	0.181058	5.04649
-0.0729844	-0.787297	3.76097
-11.2987	-3.55438	23.6905
-1.57217	0.245773	3.4892
-0.0989073	-0.784154	3.8058
-1.17788	-0.260235	4.62378
-0.674278	-0.631144	5.70704
-1.2191	0.522757	5.22439
-1.44498	-0.0246156	4.67554
-1.43345	0.22446	3.51514
-1.25806	0.267766	5.21477
-0.115859	0.53774	3.63053
-0.234449	-0.0888584	1.3365
-0.659981	-0.163776	4.97607
-1.34069	0.500875	5.17596
-0.508114	0.542201	3.56559
-0.0868863	-0.624272	4.33029
-1.62261	0.20096	3.50885
-1.15385	-0.010866	4.12932
-1.42837	0.228643	3.50833
-0.0817685	-0.988517	3.40513
-0.914644	-0.600399	4.28204
-0.0968481	-0.793604	3.78398
-0.673597	0.204948	7.51958
-0.496741	0.26058	4.67884
-1.09576	0.572017	3.28397
-0.180839	0.115981	1.87032
-0.275182	0.0568624	1.42536
-0.274691	-0.659042	4.67396
-0.126623	0.543304	3.61034
-1.27065	0.708745	3.06737
0.803302	0.154165	4.42519
-0.537367	0.290904	4.46367
1.18551e-12	0.301864	4.91788
-1.14695	0.588124	3.25256
-1.05802	0.634665	3.20729
-0.237405	0.589407	3.47848
-0.192786	0.509654	3.76634
-0.41644	0.408569	6.65636
-1.50031	0.0210273	4.66878
-0.177524	-0.130776	1.41198
-0.354471	0.611402	3.42436
0.0572813	0.0067234	-0.735138
-0.166477	-0.0580614	1.6444
-43.6757	-16.6834	111.939
-0.464887	1.0907	8.3407
-0.241545	0.112649	1.57292
0.855928	0.0521818	2.41945
-0.0480444	-0.563929	5.15119
-0.122396	0.521059	3.67189
-10.6171	11.4145	46.6394
-1.12124	1.00731	2.71895
-24.2797	-8.38513	51.5009
-1.37678	-0.0181155	4.75532
-0.274764	0.120053	1.45561
-0.411521	0.0648262	1.12819
-1.07574	0.942269	2.80278
-1.18167	-0.288756	3.78047
-1.27309	-0.148236	4.57789
0.389842	0.196646	3.62243
-0.596367	0.180297	4.85415
-1.0879	0.892568	2.84862
-0.103267	0.502093	3.73899
-1.04424	0.920121	2.83322
-0.312205	0.257083	1.42322
-0.205287	-0.0789567	1.42122
-0.173084	-0.791768	3.86677
-1.26274	0.632868	3.14934
-5.52375	-3.08314	25.6466
-0.31741	0.394371	10.0996
-0.784009	-0.890032	2.92957
-0.0763645	-0.820088	3.66198
-0.355207	-0.399607	5.82761
-0.260588	-0.528164	5.24171
0.127333	-0.0315352	-0.481278
-0.689656	-0.655119	5.66618
-1.02466	0.613816	3.21931
0.388113	0.194402	3.63207
-114.306	-61.6067	373.903
-0.364771	-0.164504	7.50998
-0.295138	-0.381078	5.93668
-1.09287	0.891393	2.85878
-0.373254	0.587859	3.45606
-1.58051	0.249207	3.47039
-0.781226	-0.88339	2.91502
-13.864	15.2537	63.0122
0.207891	-0.164411	-0.813751
9.2184	-12.2559	-185.428
-1.5843	0.286682	3.44412
-0.142911	-0.708308	4.09991
-0.195793	-0.751692	4.03103
-0.973405	0.840491	2.93194
-0.179167	0.0844994	1.84075
-0.494152	-0.621015	5.37122
-0.555364	-0.676819	5.14226
-1.47528	-0.169016	4.45897
-0.492204	0.337115	4.28536
-1.5932	0.163251	3.49824
-30.4493	-14.5187	101.497
-1.10639	0.995701	2.71555
-0.389947	0.327702	9.61138
-0.401214	0.111633	5.80269
-0.0109793	-0.707797	3.84274
-1.02161	0.925847	2.82435
-0.418754	0.542678	3.57473
-0.149839	0.194661	2.0078
-1.55208	0.169523	3.49567
-0.45518	0.142717	5.37493
7.24833	2.04026	-14.2172
-0.411708	-0.3627	2.08837
-23.3775	-8.01929	49.3004
-1.42011	0.179397	3.50125
-1.00058	0.921432	2.83061
-0.634887	0.537415	4.33666
2.49292	-2.10163	-7.4266
-1.00369	0.250313	5.81995
-1.56001	0.198077	3.49196
-1.40886	0.171987	4.94486
-0.965626	0.298934	3.67198
-1.4456	-0.181744	4.47121
-0.904294	0.390562	3.58847
-0.536864	0.0672916	7.71356
-1.03553	-0.510399	4.34576
-1.0227	0.920373	2.82736
-0.144541	-0.710856	4.093
-0.0480105	0.355347	4.51712
-69.7643	-25.7361	135.379
-1.07647	0.936445	2.80581
-1.3091	0.141441	3.51261
0.395432	0.18396	3.62915
-1.37356	0.0868645	4.88683
-0.358897	-0.485657	5.34618
34.7274	-3.48934	-165.644
-0.601873	-0.578156	5.55878
-1.92391	0.244795	4.53483
-0.648234	0.468204	2.87951
-0.0487447	-0.74571	3.80139
-0.418756	0.552968	3.54432
-1.17606	0.225114	5.30168
-1.59602	0.188454	3.49112
-0.0534321	-0.639122	4.16694
31.7331	-47.1585	-302.269
-2.10014	0.682016	4.84131
-1.90634	0.26998	4.58229
-0.0119893	-0.637044	4.06614
-1.11448	1.00298	2.73541
-0.495136	-0.614123	5.39263
-0.493427	0.499515	3.66572
-0.219997	-0.00299074	1.51578
-0.0161865	-0.727048	3.7954
-0.0502405	-0.644378	4.13033
-0.193192	0.509584	3.73961
-0.326726	-0.261779	2.94587
-53.7015	-18.5557	113.225
-1.60433	0.158944	3.49921
0.0974218	0.026673	-0.618624
-0.507187	-0.0841479	7.10252
-161.546	-69.7732	425.694
-0.432092	-0.00748875	6.33106
-0.218849	-0.231825	7.82614
-0.216887	-0.765779	4.01416
-1.34839	0.260906	3.49499
-0.493017	0.4991	3.66267
-124.615	-67.1678	402.022
-0.455073	-0.411911	5.51808
-0.189725	-0.691284	4.25847
0.0220336	-0.766064	4.22562
-0.385449	-0.581926	5.28082
-0.778347	0.254935	7.17125
-130.675	-62.8239	365.66
-0.439809	0.555602	3.51494
-0.354505	0.586751	3.4628
-0.237988	0.493119	3.80404
-0.500938	0.496597	3.66985
-0.432247	-0.00749143	6.33333
-0.998737	0.00588413	5.38652
-0.474261	-0.106855	8.50888
0.0804886	0.0100936	-0.707586
-0.739168	0.522472	7.92459
-0.432029	-0.035697	6.22622
0.102956	-0.0333824	-0.599402
-0.0305085	-0.124154	1.78808
-1.25355	0.628426	3.15762
-1.39692	-0.855397	3.62164
-0.0727096	-0.799806	3.63548
-0.437367	0.500348	3.67388
-0.112278	0.481707	3.80295
0.491242	0.0417395	3.37127
-2.08633	0.317393	4.4435
-0.0150317	-0.15856	1.52741
-0.904601	0.361152	3.61152
-0.973267	-0.364419	4.66635
-1.0875	-0.706122	3.96486
-1.15047	-0.236337	4.68215
-0.36251	-0.103245	1.03904
-1.75825	-0.110403	3.3121
-0.411713	0.324768	1.15075
-0.252743	0.556035	3.53841
-0.181416	-0.331553	6.56849
0.00351254	-0.741146	3.68817
-1.03601	0.556893	3.26669
-1.02852	0.621966	3.18568
-0.230283	0.44924	3.96388
-0.501132	0.820289	2.9396
-0.449485	-0.0166477	5.82666
-0.500909	-0.699468	4.73833
-1.15334	0.545199	5.084
1.32436	-1.36305	-25.4674
-0.903041	0.358875	3.6163
-1.26919	-0.242816	4.52052
-0.0690845	-0.800404	3.66357
-1.1133	0.502151	3.30777
0.1741	-0.0136154	-0.475905
-0.229265	1.01078	7.57006
-1.95483	0.229729	4.48355
-0.770666	-0.339695	4.94017
-0.0352898	0.319418	4.75056
-1.0679	-0.205117	4.82899
-0.236491	0.454214	3.94152
-5.67073	6.51194	71.3881
-0.534678	0.0242387	7.48549
-0.37612	-0.183238	7.23309
-40.1591	-23.9874	131.858
-0.526026	-0.00981915	7.36436
-0.485036	0.137577	5.27213
-5.7478	-3.67341	26.9686
-1.76654	-0.110924	3.32771
-0.660707	0.0416114	5.32828
-1.88479	0.141593	4.45126
-0.0313216	-1.05081	3.22429
-0.166671	0.479598	3.82774
-1.83575	0.144031	4.49562
-0.659497	-0.367177	5.18472
-1.83801	-0.231392	4.05206
-0.916401	0.420952	6.76668
-1.73903	0.00219	4.42211
-0.0986853	0.516467	3.64345
-0.644713	0.513305	4.09676
-1.08229	0.902818	2.82097
-0.138447	0.458951	3.92043
-0.509359	0.807526	2.95354
-0.18994	-0.789717	3.87406
-0.394318	0.952185	2.7189
-7.79945	-2.41709	15.3804
-0.25929	-0.10095	1.2139
-1.03221	0.89087	2.83218
-0.140358	0.456021	3.91374
-0.0805884	-0.650624	4.15282
-0.59768	-0.574127	5.52005
-0.0711785	-0.804035	3.66792
-0.663946	0.0420568	5.323
-0.525669	0.171408	5.00719
-0.701129	0.150106	7.1253
0.127505	-0.0349712	-0.540696
-0.49025	-0.738969	4.26835
-0.0859181	-0.617315	4.28204
-0.0309082	-1.04171	3.24277
-0.504017	0.434592	3.83825
-1.42363	0.107152	3.4631
-0.413314	-0.326258	2.56467
-0.0177246	-0.689181	4.50299
-1.03424	0.892626	2.83776
-0.265092	-0.711941	4.45069
-0.551893	-0.645424	5.35779
-1.18989	0.475303	5.23203
-0.0861843	-0.619228	4.29531
0.118131	0.0225731	-0.57154
-0.612156	-0.502245	4.98675
-0.198523	-0.340462	6.63089
-0.0395424	-0.207153	1.3036
-0.0457587	-0.75034	3.76188
0.0418249	0.228703	5.51434
-1.04151	0.55878	3.25225
-1.36664	0.172423	3.49224
-1.105	0.492842	3.3274
-1.74515	-0.677416	3.64918
-0.0299655	-0.785163	3.64756
0.0147508	0.26429	5.187
-0.430049	-0.00745334	6.30112
-0.0527603	0.324265	4.63817
-0.95017	0.545533	5.8277
-0.00618074	-0.231311	1.22264
-0.352102	-0.645895	4.82395
-1.26381	0.592039	3.17436
-0.433779	0.512109	3.63183
-0.261204	-0.610633	4.83438
-0.108896	0.0334672	2.39333
-0.218397	0.458908	3.91834
-0.585924	0.0782877	5.31021
0.104729	-0.0426255	-0.638261
-1.19984	0.990058	2.6862
15.875	10.9279	-72.1749
-0.0948814	0.495492	3.68983
-0.473354	0.464688	4.55992
-0.590537	-0.6971	4.66213
-1.21576	-0.259594	4.54289
-0.0721424	-0.679658	3.98682
-1.00861	-0.440737	4.44975
-0.228022	0.794399	7.72333
0.0102816	-0.764269	3.59858
-0.31139	-0.102101	1.14455
-1.07061	0.591415	3.18454
-0.428758	-0.029367	6.16706
-0.429111	-0.0594154	6.9318
-0.139559	0.441309	3.96046
-1.05666	0.536075	3.25364
-0.219778	-0.856376	3.97874
-0.128742	0.459792	3.86226
-146.775	-57.1748	276.681
-0.0675048	-0.76387	3.73053
-0.520372	-0.440143	5.85
-0.033353	-1.07639	3.18369
-0.391051	0.508297	3.62084
-0.370472	-0.892662	3.70472
-0.244481	-0.125261	1.26872
-0.166945	0.456318	3.89539
-0.523675	0.445302	3.74053
-0.149443	0.470198	3.8272
-0.380714	0.953062	2.68288
-0.546658	0.39047	3.9047
-0.0826513	0.251304	2.62992
-0.879061	-0.689965	4.10228
-1.31053	-0.415928	4.22364
-0.436243	0.48773	3.65275
-0.692442	-0.0071809	5.38566
-0.0346646	-0.81224	3.56842
-0.113943	-0.239521	1.1526
-0.110487	-0.91928	3.79122
-0.28222	0.790494	7.3714
-1.29556	0.06559	3.40938
-0.541764	0.403966	3.80758
-1.16054	0.484654	3.29164
-1.36285	0.411664	5.08526
-0.0704085	-0.764537	3.73378
-0.936129	-0.244167	4.94932
-0.529864	0.788307	2.9625
-0.181493	-0.364127	5.99268
-0.928104	0.317636	3.61733
-0.0230055	-0.864349	3.45082
-0.285211	-0.0603353	3.48062
-1.59356	0.0724761	3.44032
-0.912481	-0.219126	5.0501
-0.0788298	-0.804008	3.64953
-0.741404	0.482501	3.47099
-0.694129	-0.0195385	5.39878
-0.557586	0.383518	3.91878
-0.571905	-0.695012	4.75229
-1.14959	0.310672	5.34763
-1.1448	0.355467	5.35957
-0.266577	0.522545	3.61635
-0.497682	0.980191	2.67325
-0.603277	-0.679883	5.12991
0.0820677	0.0269229	-0.710279
-147.034	-59.1183	306.536
-0.543209	-0.553976	2.7176
-0.10699	-0.849223	3.58682
0.00128329	-0.711655	3.74292
-0.401469	0.0956247	1.12411
-1.29873	0.062475	3.4095
-15.442	-9.80337	49.9683
-0.0368748	-0.695256	3.86876
-0.157644	0.429372	4.02622
-0.402996	-0.433653	5.467
-0.550948	0.390459	3.90221
-0.521483	-0.701543	4.67422
-0.25971	0.526641	3.60365
-0.388611	0.95082	2.68972
0.400237	0.113654	3.67325
-0.39376	0.539023	3.5294
-0.148061	0.477951	3.78148
-145.517	-72.9476	378.209
-0.337576	-0.519188	5.15496
-1.56672	-0.371498	4.0895
-0.576404	-0.592744	2.91404
-0.530222	-0.575114	4.69714
-0.418887	-0.0613008	6.20932
-0.0830336	-0.645619	4.13828
-0.720053	-0.639692	5.68283
-0.0011903	-0.706257	3.76451
-0.0881737	-0.497066	5.47177
0.875075	-0.0419221	2.35896
-0.0832379	0.430407	3.99158
-0.0334387	-0.567283	5.03957
0.0525295	0.0080624	-0.97221
-0.432202	-0.35909	4.89678
-1.15711	0.4938	3.28137
-0.0833252	0.430858	3.99577
-1.21205	0.402785	5.22955
-0.633394	-0.529688	4.70559
-0.186659	0.480121	3.78684
-0.448393	-0.71763	4.42077
-0.084151	-0.674192	4.03537
0.0339499	0.196639	5.9691
-0.362146	0.539037	3.53743
-0.24664	0.443779	3.94233
-1.30773	0.614843	3.10712
-0.893885	-0.261299	4.98934
-0.931657	-0.206632	5.04016
-1.07387	0.533082	3.25534
-0.110494	-0.741733	4.31713
-1.1613	0.483096	3.29324
-0.669973	0.0755069	5.12159
-0.170888	0.110234	1.90165
-0.175406	0.402776	4.16763
-0.455537	0.492643	3.64063
-0.598097	0.110098	5.1048
-0.255721	-0.476662	5.70584
-0.573572	-0.616658	2.82747
26.8731	-37.4461	-231.285
-0.250149	-0.845201	3.97965
-0.185245	0.434758	3.96953
-1.18452	0.455586	3.29907
-0.831613	0.869292	2.82587
-268.004	-112.754	550.69
-0.748555	0.464961	3.46248
-0.346034	0.189477	1.28025
-0.430406	-0.618764	4.62093
-1.09435	-0.221379	4.70543
-1.14355	0.824898	2.85479
-0.369226	-0.0481523	1.15013
-0.20319	-0.213445	1.12171
-0.568548	0.350871	3.99582
-0.591848	0.445522	6.85919
-1.30011	0.0260912	3.34095
-0.343883	-0.0891553	5.14354
-0.191978	0.43741	3.9525
0.00794119	-0.461471	4.63236
-0.540469	-0.683266	4.35862
-1.20118	0.346291	5.22122
-0.552581	-0.705819	4.4894
-1.61551	0.0343946	3.40701
-0.0845875	-0.701614	3.91609
-1.43426	0.315511	4.96236
-0.6644	-0.351788	5.16756
-28.4325	-9.87601	54.3063
-1.42309	0.0621882	3.39385
-0.434075	-0.700985	4.53782
-1.38688	0.0433119	3.3737
-0.536615	-0.68686	4.78633
-1.24353	0.478253	5.10123
-1.16259	0.452615	5.20875
-154.502	-80.0479	394.807
-0.201751	-0.61952	4.75314
-0.335125	-0.700214	3.78093
-0.697878	-0.0738332	5.34137
-1.38184	0.140574	3.44416
-0.114442	-0.874282	3.51357
-1.39907	0.117445	3.43083
-1.19018	0.459199	3.29038
2.10677	0.846491	-26.7866
-1.07922	0.51771	3.24977
-0.174065	0.410339	4.10089
-1.5919	0.0836133	3.43267
-1.72653	-0.317201	3.91763
-0.428247	0.924527	2.71652
-0.274016	0.40911	4.06185
-0.641878	-0.790882	4.00478
-0.546682	-0.38779	5.3072
-0.220929	0.431513	3.97272
-0.324125	-0.0853862	4.80464
-0.541171	-0.684173	4.87952
-0.578151	0.387167	3.84399
7.45975	3.32322	-98.9883
-0.120585	0.470124	3.77861
-0.489888	-0.438793	5.2158
-0.696505	-0.073688	5.33086
-157.211	-81.7167	401.731
-2.03219	0.843649	4.96734
-0.126888	0.431884	3.97613
-11.3651	-7.46299	35.5792
-0.488075	-0.0314447	5.30813
-0.0903204	-0.8572	3.52893
-0.267696	0.499763	3.66754
-0.329515	-0.794545	4.11385
-0.103558	0.239621	2.32441
-0.0484039	-0.503171	5.37537
-0.473921	-0.692049	4.67246
-0.15092	-0.77705	3.7907
0.225035	-0.200068	-3.18618
-1.02853	0.218142	5.57854
-1.12359	-0.256842	4.61211
-0.213494	-0.750367	4.41614
-1.37668	0.142732	3.44146
0.193463	0.0834139	1.63707
0.0842189	-0.0627143	-0.543397
-0.866271	-0.537887	4.37673
-0.739167	-0.0680035	5.4151
-0.187462	-0.141533	1.31839
-1.31792	0.537853	3.17423
-0.254267	-0.0627504	3.43898
-1.25671	0.315403	5.13854
-0.260578	0.120853	1.49723
-0.912754	-0.697364	4.03223
-0.140222	0.0860041	2.16265
-0.133732	0.470043	3.79242
-0.651574	-0.675727	5.25511
-0.195457	-0.841116	3.99607
-0.172611	-0.166868	1.27516
0.618252	-0.060402	4.8098
-0.0431518	-0.764964	4.11904
-1.13104	-0.790661	3.72284
-8.92305	-6.0118	27.8037
-0.316085	-0.7482	4.20112
-0.158429	-0.201459	1.23223
-0.0863658	-0.79802	3.62737
-1.2883	0.00311937	3.27535
-0.342195	0.0678046	1.24903
-0.204204	-0.0410338	1.52066
0.836678	0.65403	-3.83637
-0.0418493	-0.89815	3.38014
-0.569963	0.421277	3.71715
-251.969	-109.651	511.733
-0.437422	0.933679	2.68593
-80.6818	-37.0687	152.641
-0.858921	-0.919551	4.08085
-0.142878	-0.900463	3.48888
-34.9695	-12.4456	65.6832
-0.109287	-0.884235	3.47733
-0.0445279	-1.1132	3.11695
-0.454412	0.475225	3.64224
-0.117323	-0.771489	3.73301
-0.062349	-0.70051	3.85097
-1.61722	0.0748411	3.41666
-0.0445395	-1.11586	3.11777
-0.0416459	-0.845478	3.47049
-30.5296	-10.6753	57.2618
-0.577922	-0.698221	4.26736
-31.5501	-11.1276	59.6877
-1.11169	0.487256	3.25872
-0.0483362	-0.901632	3.38354
-0.571368	0.419853	3.71708
-0.517253	-0.142648	6.51218
-0.172468	-0.882716	3.82049
0.103734	-0.0462272	-0.485386
-1.29587	-0.106018	4.59996
-1.45545	0.0573416	3.38251
-1.25038	-0.22587	4.47478
0.0277002	-0.489371	4.40686
-0.164437	-0.0326237	1.73004
-1.28352	-0.131576	4.57467
-0.452464	0.470535	3.6489
0.0704002	0.0463902	-0.570372
-1.03737	-0.701247	3.90408
6.44932	4.89837	-14.2321
-0.415221	-0.735237	4.20021
-0.592525	-0.687821	4.0347
-0.908054	0.45466	6.64893
-0.309848	-0.0630831	3.63917
-0.447063	-0.423151	2.24172
-0.59749	-0.640363	2.87097
-0.899021	-0.525128	4.31984
-0.579152	-0.700433	4.23357
-0.966651	-0.382557	4.52552
-0.0459071	-0.869357	3.43322
-0.352152	-0.94548	3.57878
-0.735969	-0.0784953	5.37989
-1.0341	-0.68296	3.93238
-0.571599	0.41616	3.72967
-1.06256	-0.130626	4.84997
-0.143293	-0.889328	3.51209
-1.12377	-0.461914	4.22924
-0.105021	-0.715945	3.87736
-0.569847	-0.378034	4.44796
-0.307796	-0.0630036	3.63458
-1.45005	0.0246203	3.34862
-1.062	0.200105	5.37202
-0.294995	0.510309	3.6
-0.609389	-0.672265	5.15782
-0.13313	-0.789302	3.71218
-1.02516	-0.504223	4.24362
-0.994445	-0.470925	4.3226
-0.202252	-0.857085	3.63688
-293.097	-125.469	590.13
-1.2429	0.334718	5.11013
-9.69036	-6.49486	30.0761
-1.44782	0.0601937	3.38638
-0.715041	0.0239019	5.18532
-0.733112	-0.114965	5.72642
-0.507649	0.0101987	5.46363
0.0999513	0.0062958	-0.531397
-1.33826	0.539857	3.13011
-0.306617	-0.791451	4.0687
0.0480011	0.0294247	-0.723903
0.391061	0.0901451	3.70083
0.0127167	-0.790063	3.4991
-0.609397	0.03144	5.30569
-0.0954858	-0.145583	1.56849
-0.193288	-0.916217	3.74148
2.04679	1.48795	-9.07831
-0.235362	0.429213	3.95155
0.39354	0.0804113	3.7012
-0.0256126	0.201629	6.00562
0.0666649	-0.0129054	-0.653446
-1.39289	0.128377	3.4212
-0.105375	0.259297	5.25177
-1.24261	0.302692	5.10893
-10.5662	-7.01719	32.5944
-1.21208	0.457373	3.26189
-0.694549	0.395066	7.75348
-1.34319	0.546049	3.13488
-0.479395	-0.554432	4.72642
-1.34783	0.594421	3.07762
-0.590566	-0.565776	4.54751
-0.46443	-0.739318	4.18757
0.0101187	-0.763111	3.55815
-0.55371	-0.686458	4.78791
-0.571059	0.418606	3.71871
-0.136889	0.439357	3.90305
-159.154	-83.4433	397.861
0.0321967	0.0165745	-0.337073
-1.28542	0.427278	5.07876
0.105682	-0.02055	-0.495498
-1.12014	0.510339	3.22859
-0.770017	-0.068008	5.41547
-1.19416	0.332948	5.18418
-0.0623983	0.104084	-0.834743
-0.689319	-0.385685	4.94686
-0.0767719	-0.925251	3.37452
-0.0998812	-0.859132	3.51223
-0.392132	0.513249	3.55389
-0.874672	0.31844	6.51638
-0.662589	-0.0306387	5.34395
-0.0546089	-0.752143	3.69312
0.0516479	0.0502325	-0.635025
-1.14831	0.452442	3.28824
-0.166494	-0.789963	3.71956
-0.299621	-0.0316472	1.29466
-1.49569	0.0611142	3.37736
-1.50155	0.087187	3.3906
-5.67229	9.6682	83.8949
-0.385324	-0.926191	3.71183
-1.30543	-0.0531021	4.64643
-0.347191	-0.904072	3.60941
-1.0632	-0.562641	4.0743
-91.4919	-37.5981	211.132
-1.33779	0.0284637	3.32076
-0.612382	0.376024	3.76024
-23.7146	-8.75627	53.7789
-1.69531	-0.650724	3.59611
-3.69078	-2.52591	15.6909
-0.594876	-0.687694	4.42993
-0.138991	-0.117899	0.691626
-0.422502	-0.76748	4.06997
-0.0343576	0.260136	5.15363
-1.09409	-0.462573	4.22349
-0.600759	0.377722	3.77722
-1.36498	0.0491366	3.35022
-0.033436	0.272265	5.01541
-0.570757	-0.417276	5.03609
-0.676746	-0.418938	4.8339
-1.06576	0.787732	2.862
-0.67067	-0.662428	5.40863
-1.45956	0.145633	3.39809
-0.13009	-0.869267	3.50242
-0.147372	0.0125564	2.08171
-0.0559836	-0.89252	3.37832
-0.531102	0.00511652	5.37242
-0.0568573	-0.859395	3.43105
-0.165276	-0.141542	0.819326
-1.34075	0.0335979	3.32809
-0.644486	-0.685708	4.16181
-0.164273	-0.189887	1.293
-0.0424151	-0.796462	3.53459
-1.45422	0.143027	3.39771
-0.160405	0.443129	3.84534
-84.3492	-34.3934	193.967
-1.49638	0.0571334	3.37023
-0.105772	-0.858816	3.49248
-0.110491	-0.788722	3.64828
-77.3691	-34.3928	143.884
-0.730233	-0.686403	4.10903
-0.670975	-0.662729	5.41109
-0.108507	-0.791425	3.6377
-1.35199	0.56038	3.06394
-0.725189	-0.0137003	6.09549
-0.0674762	-1.10806	3.1239
-0.459732	-0.0464205	5.09842
-1.20121	0.118659	4.98367
-0.595778	-0.681337	4.84035
-0.571799	0.247	4.35443
-0.69287	-0.752393	3.98594
-1.92953	-0.0590311	4.04587
-0.595952	-0.686725	4.44551
-0.526289	0.0393239	5.34846
-0.29642	-0.120643	1.18921
-1.6801	-0.113483	4.21349
-0.191568	-0.18852	1.24998
-1.454	0.13694	3.40083
-0.713146	0.0505981	5.01207
-0.147279	-0.824955	3.60978
-1.16121	-0.358077	4.33437
-1.49163	0.0824428	3.38462
-0.579669	0.443389	3.60183
-0.0105773	-0.750935	3.58727
-1.65803	0.105386	3.40605
-1.45338	0.138747	3.39939
-1.69109	0.0941442	3.40491
-0.57091	0.440753	3.59645
-0.375261	0.0504662	1.21683
-0.0813541	-0.90322	3.38787
-1.45136	0.127576	3.39988
-0.070437	-0.824984	3.51048
-1.21629	-0.0834536	4.69569
-0.123616	0.436044	3.87362
-1.21961	0.476023	3.21385
-1.4241	0.157076	3.39892
-0.16023	0.0797951	2.05442
-1.13998	0.499883	3.20406
-0.15867	0.49407	3.62576
0.080422	0.0772112	-0.514439
-0.0950917	-0.902513	3.71549
-1.18869	-0.105731	4.69657
-0.0781585	-0.732768	3.74801
-0.0937277	-0.924248	3.66206
-0.761456	-0.0313058	5.28474
-0.123545	-0.855654	3.52256
-0.0899972	-0.837462	3.5163
-1.18302	0.3972	5.15704
-0.291912	0.515895	3.53967
-0.149226	0.464556	3.74815
0.150663	-0.0341906	-1.9383
-0.606131	0.0805887	5.07486
-0.407416	-0.692825	4.4771
-0.134804	-0.701162	3.95023
-0.675108	0.0484535	6.59445
-0.015466	-0.0013413	0.0589836
-0.123788	0.0101398	2.25155
-1.22771	0.484379	3.20264
-0.814966	-0.0295512	5.15428
-0.505087	0.229219	8.07327
-0.277999	-0.342911	5.68361
-0.820886	0.0262167	5.81976
-0.722727	-0.675189	5.25092
-5.87604	6.48602	44.9147
-3.25942	0.115403	46.9737
-0.226491	-0.78599	4.06356
-0.176846	0.497482	3.61557
-0.414707	0.969285	2.57658
-1.2583	0.98637	2.59571
-205.633	-88.9451	378.13
-1.65334	0.112801	3.38402
-0.605317	-0.679249	4.85178
-0.297444	0.539321	3.43205
-0.0370857	-0.778801	3.54
-0.679262	-0.658522	5.44447
-0.212488	-0.880309	3.54147
-1.11619	-0.126532	4.74493
-0.17371	-0.783467	3.72235
-0.557569	-0.693769	4.46906
-1.32316	0.637499	2.97499
-0.271075	-0.604363	4.66604
-1.98858	0.746298	4.86716
-0.0526966	-0.727214	3.68876
-0.337522	-0.741597	4.1596
-1.20003	-0.603741	3.91313
-2.02222	0.448423	4.52735
7.06907	-0.569029	-39.8624
-0.060993	-0.882793	3.37066
-1.1331	-0.138839	4.7026
-1.23969	-0.630848	3.8511
-0.611295	-0.637568	3.91856
-1.5071	0.0569561	3.35977
-0.156803	-0.156155	1.41787
-0.564496	-0.695965	4.31384
-34.2196	-21.4312	102.37
-1.03224	-0.413723	4.3528
-1.12345	-0.599931	3.9718
-0.436007	-0.913637	3.58222
-1.12814	0.412927	5.18629
-0.173605	0.457946	3.75073
-0.188069	-0.078387	1.56476
-0.171819	-0.785561	3.71215
-1.65011	0.0806034	3.38534
-0.678281	-0.769317	4.36073
-0.523007	0.0534092	5.29053
-1.38667	0.0567419	3.34713
-0.071404	-0.706107	3.78658
-1.35332	-0.126719	4.47695
-0.121224	-0.19244	1.37457
-1.13664	0.516217	3.16235
-0.228669	-0.827265	3.6713
-0.476719	-0.271606	5.91673
-1.33927	-0.375996	5.96368
-0.702685	0.061144	4.93855
-0.1468	-0.0358586	1.63634
-0.345118	-0.57327	5.05826
-0.743211	-0.615711	4.23654
-0.297445	0.539324	3.43206
-174.501	-83.8198	423.546
-0.92634	0.915037	2.69733
-0.332904	0.92413	7.89405
-0.282103	-0.894686	3.75708
-0.602936	0.399579	3.67132
-0.336357	0.955593	7.97593
-0.117995	0.288247	4.84721
-0.0415152	-0.292266	1.14593
-21.658	-7.93449	48.7779
-0.0754621	-0.827155	3.49362
-0.370597	-0.069124	1.14624
-0.917098	0.292818	6.03808
-1.42714	0.163982	3.3814
-0.558083	-0.697313	4.35924
-0.226203	0.451688	3.77005
-0.971523	-0.202837	4.82727
-0.600804	-0.678435	4.39184
-0.47115	-0.046169	5.0708
-1.76217	-0.347609	3.8615
-0.486	-0.691582	4.55788
-1.11395	0.540997	3.13672
-1.6948	0.0825716	3.3899
-0.669933	0.458328	7.56767
-0.0474019	-0.725168	3.69668
-2.01979	0.513298	4.60023
-0.0451045	-0.794219	3.51751
-1.49877	0.0933338	3.3756
-0.323312	0.071262	1.34752
-0.588914	-0.0558809	6.53105
-0.59922	0.384814	3.72332
-1.0594	0.794349	2.82596
0.0457553	0.0734432	-0.613859
-0.344005	-0.0292138	1.22151
-1.65611	-0.119282	4.21419
-0.577928	-0.368275	5.18016
-0.555218	-0.693733	4.33686
-2.02647	0.811265	4.89039
-0.287868	-0.264002	1.36878
-0.4849	-0.70955	4.34632
-21.0735	-7.74635	47.4613
-0.712867	0.0552234	4.93402
-0.678282	-0.666015	5.35317
-0.0713629	-0.79369	3.55663
-0.432335	-0.427776	1.98728
-1.42237	0.519334	4.9617
-0.1679	-0.868682	3.51899
-1.46998	0.140222	3.38093
-0.687726	-0.36959	4.22145
0.376687	0.109001	3.6794
-0.042681	-0.796884	3.50885
-0.291608	0.518765	3.50242
-0.289125	0.431875	3.83658
-0.803037	-0.484492	4.46063
-0.0753265	-0.719148	3.75417
-0.412525	0.138487	1.19666
-0.149067	0.456963	3.74414
-1.03494	0.625043	4.08912
0.026392	0.0746203	-0.662907
-0.287134	-0.110697	1.23467
-1.22316	0.492123	3.17039
-0.214886	0.41	3.97712
-0.28586	-0.292476	5.58465
-0.158596	0.501948	3.55977
-7.97444	-5.26194	33.385
-0.101344	-0.956843	3.56366
-0.466568	-0.249121	6.07654
-0.161545	0.500621	3.55036
-65.6442	-39.6176	192.366
0.269259	0.0784847	-2.9962
-0.147165	0.224055	1.99038
-0.470191	-0.458957	5.0409
-0.598693	-0.378053	5.10988
-0.809286	-0.0293453	5.11836
-1.1377	0.538395	3.13531
-0.735652	0.0497104	6.27883
-0.0897166	0.573821	7.88701
-0.435384	0.495208	3.48972
-1.28564	0.964846	2.59102
-0.0975601	0.437214	3.79401
-0.844978	-0.837937	3.69678
-1.32227	0.628712	2.9603
-0.445355	0.169605	1.18988
-1.65512	0.205703	3.3229
-0.276961	0.192602	1.60078
-0.187793	0.45708	3.72042
-0.218195	-0.827756	3.63658
-0.41205	0.351877	4.86134
-9.68336	-3.26717	21.3148
-1.20038	0.973617	2.5881
-0.121421	-0.869634	3.44572
-0.340497	-0.924207	3.64818
0.123076	-0.00324453	-0.454234
-0.24162	0.54445	3.38268
-1.71316	0.309076	4.63614
-0.524175	-0.713351	4.13822
-1.65214	0.0994491	3.36844
-1.12489	0.877776	2.70283
-0.42195	-0.921538	3.54438
-0.225848	-0.39392	5.51489
-1.74719	-0.392667	3.78258
0.209227	0.0607045	-2.36213
-0.105342	-0.708336	3.81412
-0.335744	-0.0741266	4.57833
-1.48402	0.735375	2.78752
-1.36403	0.767372	4.52664
-0.239909	-0.220386	1.11362
0.0777882	-0.0592672	-0.55563
0.936055	0.299979	-10.4334
-0.912757	0.556047	4.23693
-0.160438	-0.796634	3.64632
-1.35505	0.558096	3.03628
-139.453	-56.946	272.062
-0.2907	0.533925	3.41426
-0.166615	-0.93455	3.5997
-0.873975	-0.799533	3.75788
-1.23254	0.322327	5.05139
-291.372	-123.632	565.923
-24.4126	-15.6235	73.0323
-1.11346	0.809547	2.77967
-0.984357	0.288507	3.46605
-0.440756	-0.442281	2.00343
-0.609767	0.363007	3.74418
-0.471943	0.489202	3.48481
-1.38054	0.0410312	3.31406
-0.522174	-0.714347	4.13486
-0.593991	-0.67225	4.10863
-0.0384839	-0.738091	3.6208
-1.19832	-0.448569	4.10706
-0.112605	-0.856458	3.45718
-256.317	-108.206	497.395
-0.302545	-0.0685915	3.95706
-0.0563357	0.242506	5.3004
-0.355211	-0.392357	5.54028
-1.10527	0.190838	5.16124
-1.12174	0.393664	5.18499
-0.297339	0.4126	3.88896
-0.107825	0.269468	4.99191
-1.6424	0.0616845	3.36636
0.104934	-0.00798771	-0.512659
-1.35724	0.555649	3.03807
-0.51607	-0.716307	4.13745
-9.88055	-7.19029	21.0832
-0.128024	-0.13295	1.61646
-0.992749	0.278765	3.47101
-0.152149	-0.87199	3.47675
-0.174665	-0.899053	3.68626
-0.597729	0.371632	3.71406
0.0789424	0.0186461	-0.519748
-0.577671	-0.686489	4.29158
0.0855969	0.0236272	-0.569735
-0.0634934	-0.792392	3.94019
-1.06456	-0.440331	4.23364
-0.600718	-0.663654	4.06518
-0.549189	-0.700319	4.28977
-0.516327	-0.716664	4.13951
-0.717282	0.0392249	4.96457
-1.69684	0.0821303	3.37179
-0.110976	0.280029	4.88942
-0.125524	-0.705254	3.85381
-0.574471	-0.738656	4.56551
-0.707236	-0.255172	5.20325
-0.225771	0.441665	3.79053
-1.35621	0.557696	3.03652
0.385556	0.0930978	3.62611
-0.0296478	-0.734079	3.60887
0.0399561	-0.00705402	-0.892869
-0.0694314	-0.826875	3.46036
-0.0690321	-0.234858	1.33624
-0.449491	-0.442272	4.42015
-0.291238	0.00279841	1.41584
-1.26927	-0.232873	4.36746
-1.2735	0.285944	4.99271
-0.244663	-0.181991	1.22874
0.00613392	0.0939121	-0.601953
-0.929393	-0.18363	4.89407
-0.203734	-0.772957	3.77073
-0.645878	-0.332195	5.09747
-3.04917	-1.17355	34.9632
-0.110379	-0.853827	3.45882
-0.100632	0.267429	5.01537
-0.545708	-0.158625	8.92545
-0.432588	0.519163	3.41409
-0.159435	-0.798628	3.64325
-1.44636	0.0459896	3.32661
-0.922879	0.93701	8.50289
-0.133774	-0.845151	3.81423
0.0398564	0.0628964	-0.653984
-0.295689	-0.590275	4.65576
-0.355961	-0.0664816	4.31633
-0.00698475	0.0596844	3.68553
-0.213605	0.407557	3.95342
-0.867692	0.560095	7.5029
-0.540602	-0.15424	6.19889
-0.00668112	-0.756048	3.52522
-0.619156	0.337484	3.79749
-0.133613	-0.694967	3.91533
0.0641348	0.0598861	-0.578275
-0.0198627	-0.778777	3.49227
-0.368859	-0.538486	4.80399
-1.22182	0.481393	3.15914
-0.0839362	-0.738806	3.68943
-0.769594	-0.0357561	5.20432
-0.407041	0.51931	3.40797
-0.263875	-0.336704	5.79933
0.0978761	-0.0515975	-0.50989
-0.294536	-0.283796	6.47331
0.277477	0.436262	6.50481
-0.276268	0.071169	1.52748
0.0497454	0.0377285	-0.50997
0.0846771	-0.0161018	-0.446419
-0.684283	-0.383306	5.70745
0.441626	0.0037498	3.43568
-0.244242	-0.0570179	2.94134
-0.11244	0.409101	3.95386
-0.254787	-0.0580305	2.6488
4.59714	1.4312	-8.39481
-0.0443592	-0.740458	3.58286
-0.219825	-0.199923	1.0444
0.39948	0.121883	-4.41512
-0.0471058	-0.49247	4.49646
-1.01842	-0.738715	3.7653
-0.848242	-0.0219752	4.61479
-0.645673	-0.665388	5.17524
-7.55414	-2.47193	14.1888
-1.65334	0.0796408	3.34491
-22.1824	-8.27285	49.199
-0.406526	0.963028	2.53175
-0.0665547	-0.241672	1.32856
-1.11168	0.811679	2.74393
-0.423983	-0.912326	3.48343
-1.66041	0.0948985	3.34374
-0.751328	0.510161	4.42702
-0.207877	0.440756	3.75035
-1.46572	0.132785	3.33551
3.87744	3.33316	-18.8064
-0.399024	0.16216	9.56564
-0.584533	-0.670788	4.04321
-0.142844	0.00541391	2.18638
-0.57119	-0.679988	4.60637
-0.0690208	-0.726043	3.66019
-0.447027	-0.45501	2.01519
0.0130024	-0.512231	4.21374
-0.217408	-0.166977	1.32381
-0.372679	-0.932962	3.49511
-0.846677	0.528589	5.15548
-0.573553	0.425531	3.55173
-1.11229	0.812125	2.74543
-0.11107	-0.863489	3.41005
-0.144055	0.43274	3.78522
-0.160838	0.452683	3.69379
-0.107093	0.267638	4.958
-247.778	-104.805	475.76
0.0124707	-0.557794	4.04143
-0.78207	-0.0877343	5.49648
-1.5082	0.0425576	3.31494
-1.08941	0.800205	2.7606
-0.0364101	-0.801676	3.42569
-0.220867	-0.848593	3.55125
-1.66777	0.103214	3.33585
0.247071	0.304946	-3.04406
-0.326967	-0.0313036	1.30889
-1.11592	0.532093	3.08509
0.13851	0.118398	-0.6587
-0.107595	-0.174313	1.51604
-0.299623	0.15787	1.53838
-1.37431	0.0368277	3.29043
-0.164669	-0.801071	3.60033
-0.490664	-0.512217	2.2554
-0.121401	-0.242834	1.27644
-0.0276813	0.166644	6.4907
0.197242	-0.392245	-3.81924
-0.0660782	-0.904009	3.29325
-0.439357	-0.0497371	5.03795
0.0580965	0.0697249	-0.598419
-0.771761	-0.072841	5.26961
-0.231104	-0.389749	5.80469
-0.55057	0.0430179	5.18586
-0.179832	-0.0305871	1.80106
-0.776689	-0.0556475	5.21882
-0.353547	0.0397559	1.30713
-0.194654	-0.326951	6.41715
-0.129442	0.450441	3.6907
-1.11529	0.536486	3.07998
-0.661316	-0.117589	5.83804
-0.0377527	0.209033	5.69055
-0.581711	-0.677672	4.17462
-0.180469	-0.785226	3.66126
-0.138338	-0.677684	3.94435
-0.620993	0.338168	3.76499
-0.0336854	0.195107	5.92258
-0.0824948	-0.746742	3.62607
-0.0195644	-0.786645	3.43982
-0.131046	-0.703453	3.84009
-1.22665	0.476293	3.12568
-0.394239	-0.695057	4.33229
0.393517	0.0910678	6.17748
-0.558425	0.0746135	5.06099
0.0804318	-0.0139906	-0.648701
-0.808725	0.281982	6.70717
-3.91631	-0.0889551	54.3041
-0.734158	0.0384146	4.85267
-0.110401	-0.799569	3.51275
-3.36915	-1.26772	38.0381
-0.962431	0.37933	3.2917
-0.48559	0.321541	6.89014
-0.895975	0.875669	2.66508
0.392753	0.0839216	3.52471
-0.348038	-0.918157	3.48038
-0.161877	-0.197754	1.34541
-0.223298	0.136046	1.8082
-0.0354998	-0.810042	3.38862
-1.38319	0.0279746	3.2637
-1.11972	0.186943	5.08524
-1.221	0.460475	3.11935
-0.300513	0.00763636	1.41497
-0.668237	-0.305065	5.08442
-0.818536	0.306951	6.71456
0.0898399	-0.0479329	-0.575195
-0.0590441	-0.904307	3.26296
-0.294005	0.390766	3.90766
-0.543212	-0.519465	3.11679
5.19474	0.764269	-23.4504
-0.1168	-0.259948	1.23879
-0.204822	-0.900569	3.41371
-0.288536	0.515475	3.40408
-0.481291	0.461375	3.48521
-0.503912	-0.723663	3.97825
-13.5222	-4.66034	27.0435
-154.909	-64.2789	297.353
-0.358642	-0.220218	6.60655
-0.163966	0.437954	3.72651
-0.381697	-0.938091	3.46098
-0.471949	0.100899	1.13919
-0.104524	-0.713179	3.73299
-0.317307	0.0474753	1.40817
-0.331672	-0.131451	1.18374
-150.666	-62.4269	288.786
-1.06514	0.774983	2.76968
-0.2337	-0.649166	4.39758
-0.990566	0.202089	3.47858
-1.18343	-0.0491978	4.69615
-0.0633051	-0.848544	3.35709
-0.0477122	-0.884404	3.63027
-0.106271	-0.798706	3.50896
-0.322941	-0.802526	3.89756
-0.29519	0.394327	3.88408
-0.962735	-0.692494	3.85535
-1.11903	0.801689	2.73126
-1.47212	0.00425221	4.46482
-0.575845	0.257759	4.11318
-0.0965056	0.248185	5.11772
-1.07026	0.772492	2.76983
-1.3646	0.545273	2.98134
0.17995	0.178194	-1.55085
-0.169835	-0.926827	3.56367
-1.00137	0.259355	3.41599
-0.173576	-0.082428	1.67084
-0.513164	-0.742453	3.99127
-1.09731	0.794954	2.74248
-0.0655015	-1.10891	3.03248
-0.259239	-0.0111746	1.53577
-0.110082	-0.865074	3.3797
-0.143832	0.00602396	2.16614
0.134718	0.0306706	-0.469447
-0.564441	-0.680645	4.48579
-0.795524	0.462595	3.2634
-0.282609	-0.0629277	3.13415
-0.0374886	-0.748025	3.52715
0.640405	-0.163511	4.31374
0.0706029	-0.0560629	-0.589368
2.53986	1.09555	-28.691
-0.566047	-0.433373	4.85865
-0.146587	-0.520701	5.00638
-1.63737	0.123476	4.46575
-29.4504	-18.8809	86.1244
-0.51451	-0.0580646	4.9009
-0.455774	-0.720717	4.08525
-0.443623	-0.454753	1.98511
-0.499263	-0.805996	3.8503
-0.14348	-0.885627	3.38031
-0.242926	-0.0460367	1.50945
0.00115467	-0.793667	3.36778
-0.110228	-0.224032	1.34518
0.194699	0.052935	1.78689
-0.401782	-0.564093	4.60709
-0.446222	-0.457518	2.01455
-1.45634	0.0454808	3.28981
-0.595927	-0.673213	4.4272
-0.143521	-0.885881	3.38127
-4.28631	-2.98315	17.7687
-0.52883	-0.0531131	4.98109
-0.154209	-0.727126	4.11851
-0.529175	-0.0614966	4.89692
0.0912332	-0.550708	4.69467
-0.287277	0.49743	3.4504
-0.99701	0.255754	3.42597
-0.227307	0.381707	3.99665
-0.576453	0.386881	3.61977
-0.832569	-0.0953889	5.22802
-0.236449	-0.781601	3.95936
-0.282769	0.408758	3.82445
-0.0195869	-0.767964	3.44378
-0.5289	-0.0614646	4.89437
-0.920603	0.203245	5.67936
-0.106936	-0.165231	1.56683
-0.148332	-0.862633	3.72577
-0.677849	-0.147338	5.62175
0.0681832	-0.0553037	-0.627653
0.0515692	0.0786861	-0.573863
-0.396184	0.511424	3.38146
-0.35204	-0.0971638	7.73715
-0.491059	-0.275484	6.68262
-0.265842	-0.66665	4.29437
-1.15794	0.483699	3.07808
-0.169057	0.407639	3.8422
-1.85471	0.376129	4.53949
-0.391785	-0.794657	3.88088
-0.533211	-0.702367	3.86118
-0.979312	0.163219	5.35561
-0.560566	-0.674821	3.74901
-1.11969	0.485197	4.89862
-0.610693	-0.6731	4.68049
-0.322362	-0.446347	5.20739
-0.0773372	-0.288395	1.20006
-0.192254	-0.87655	3.42148
-0.32223	0.401882	3.80159
-0.211942	-0.122222	1.44194
-0.501897	-0.729033	3.84665
-0.0839563	-0.904862	3.26497
-0.350291	-0.0771176	1.20856
0.0726272	0.0821563	-0.540841
-0.193756	-0.930664	3.33515
-0.201292	0.406244	3.84285
0.575536	-0.568643	3.61864
-0.618302	-0.566697	5.01713
-0.139699	-0.790278	3.54309
-1.51314	-0.380149	3.9133
-0.120797	-0.111364	0.54903
-0.241774	-0.439141	5.18087
-21.21	-14.0145	60.9512
-0.125671	-0.94619	3.49086
-0.1324	-0.879471	3.35798
-0.183069	0.160902	2.0065
0.0727572	0.025123	-0.652949
-0.602772	0.403851	3.50449
-0.0881259	-0.764511	3.95437
-0.119369	-0.733666	3.66484
-0.218282	-0.916269	3.38047
-0.120049	-0.0913805	1.88136
-0.56943	-0.676543	4.13486
-0.56644	-0.564761	4.40564
-0.441144	-0.45581	1.92519
-1.36672	-0.307651	4.13086
-0.14844	-0.0256989	2.01372
-1.12407	0.78212	2.72833
-0.0415012	0.209634	5.5867
-0.128096	-0.0838514	1.87328
-0.887488	0.876439	2.63685
-0.461529	0.501107	3.35135
-1.02299	0.242031	3.38844
-0.98915	-0.410672	5.64583
-1.09981	0.766609	2.74873
-4.05379	-0.596173	31.396
-0.607266	0.233106	4.10949
0.156237	-0.00640945	-0.430302
-0.458767	-0.851793	3.72722
-0.808907	-0.120441	5.2781
-0.0924383	0.199518	5.73642
-0.890284	0.874384	2.64157
-0.457967	0.936308	2.53461
-0.0254883	-0.29988	1.18001
-0.476852	-0.84131	3.74884
-0.0844283	-0.0219585	0.858056
-0.814886	-0.222104	4.9619
-0.566602	-0.662374	3.69707
-0.171594	-0.828636	3.49987
-0.111928	-0.823029	3.43638
-0.3058	0.508634	3.39132
0.717022	0.149975	4.31199
0.443094	0.139019	-4.91371
-0.265866	0.521885	3.35689
-0.365826	-0.0281087	1.23181
-0.00982523	-0.807217	3.3322
-0.279781	-0.377519	5.70649
-0.173526	0.417092	3.79398
-0.51997	-0.34089	5.28425
-0.452359	0.0624213	7.90048
0.044205	0.285166	-1.79857
-1.47334	0.123601	3.29393
-0.0805462	-0.75455	3.54874
-0.0986461	-0.734921	4.05237
-1.08472	0.0555539	4.96355
-0.568444	-0.678208	4.32888
-0.163363	0.463201	3.57177
-0.0776396	-0.925832	3.23319
0.0774176	0.0367401	-0.630659
-0.146319	-0.156684	1.49699
10.9645	5.46324	-120.28
-0.040449	-0.834018	3.32535
-0.136163	-0.15289	1.53813
-0.813228	-0.114444	5.26858
-95.6728	-49.5551	222.064
-0.623564	-0.667842	4.63252
-1.03401	0.221348	3.39639
-0.00669751	-0.589016	4.10451
-1.39407	0.532675	2.96401
-0.319635	-0.0132865	1.34573
-0.321098	0.388438	3.85661
-0.159563	-0.904805	3.34427
-0.546622	-0.0302745	5.11062
-1.39325	0.355137	4.86013
-0.0422479	-0.761362	3.47325
9.69971	4.87604	-111.223
-0.527165	0.451517	3.43287
-0.150654	-0.918306	3.57144
-1.03411	0.220797	3.38794
-0.563466	-0.668574	4.57246
-0.250996	0.1259	1.68652
-0.294657	-0.389195	5.18085
-0.809535	0.152349	6.12193
-0.230937	0.386459	3.92941
1.17524	0.399046	-13.4756
-0.752382	-0.213046	5.13728
-0.128921	-0.736086	3.67585
-0.193366	-0.801469	3.57884
-0.134054	-0.192031	1.41418
-0.530168	0.44754	3.45243
-0.247831	0.378338	3.96137
-0.518648	-0.0831933	4.55952
-0.148331	-0.724871	3.72566
-0.133443	0.395704	3.91034
-0.637469	0.314319	3.73604
-0.294817	-0.389406	5.18365
-0.302439	0.405963	3.7983
-0.436609	-0.449796	1.91913
-0.197587	-0.818754	3.54497
0.0478784	-0.0607986	-0.690013
-1.00878	-0.2967	4.4505
-1.73456	0.162711	3.22353
-0.289706	0.512556	3.34276
-0.143798	-0.922983	3.51135
-0.65944	0.321089	3.62519
-0.128452	-0.899165	3.28963
-0.185743	-0.793629	3.546
-0.340838	-0.925131	3.40838
-0.161389	-0.240341	1.21912
-0.658977	-0.535235	5.15593
-0.539943	-0.695221	3.70549
-0.452048	0.949064	2.48508
-0.563165	-0.671915	4.07809
-1.1821	0.482667	3.03473
-0.553971	-0.673939	3.7049
-0.911045	0.866361	2.60653
-0.255151	0.406085	3.77336
-0.212586	0.407157	3.78332
-0.0906235	-0.878111	3.2812
-0.350367	0.386487	3.79263
-0.156804	-0.873625	3.3601
-1.38826	0.586398	2.8638
-0.172292	-0.130005	1.50005
-0.192606	-0.830653	3.47484
-0.151201	-0.930229	3.26669
-0.184124	-0.950976	3.46469
-1.43772	-0.00427347	3.2051
-0.163951	-0.868621	3.37547
-1.574	-0.00432587	3.2444
-1.02697	-0.529184	4.02057
-0.0615751	-0.518051	4.31025
-0.336786	-0.923404	3.4068
-0.185432	-0.899124	3.34543
0.0843103	0.0543872	-0.53073
-0.238462	0.425575	3.693
-0.266942	-0.008629	1.46136
-1.73535	0.0481521	3.28309
-0.474022	-0.514628	4.6343
-0.0909611	-0.751272	3.53738
-0.40012	-0.562587	4.53699
-0.889104	0.231988	5.82746
-0.231472	0.391666	3.85787
-1.27898	-0.102965	4.4675
0.237681	0.21168	-1.06942
-0.387936	-0.396615	1.62802
-0.515981	-0.0881376	4.49237
-0.686649	-0.685138	3.96579
-0.352815	-0.74554	3.9834
-0.584005	0.219824	7.50373
-0.188418	0.397186	3.84303
0.0907429	0.0722179	-0.489218
-0.334516	-0.781722	3.88714
-3.64604	-2.61531	14.1614
-0.0532695	-0.837075	3.30573
-0.158347	0.213758	5.30857
-1.28619	0.434806	3.06736
-0.129322	-0.832502	3.3981
-81.7607	-43.1213	186.45
0.8486	-0.0945716	2.22646
-0.629439	-0.560524	3.8327
-0.238997	-0.0644772	1.7498
-0.581704	-0.655605	3.93651
-1.05783	0.214008	3.35145
-0.308633	-0.0288657	1.32887
-0.0281643	0.0340506	-1.0243
-0.099217	0.170241	6.15709
-0.240765	0.387354	3.87118
-0.318429	-0.668955	4.22543
-4.06253	-2.90042	15.8466
-78.946	-41.6261	179.135
0.0775092	0.0537974	-0.552194
-0.47959	-0.72895	3.84498
-26.7713	-17.6048	74.6953
-0.213799	-0.885258	3.62969
-1.43105	-0.00631341	3.19936
0.379989	0.016576	3.59604
-1.41665	0.524632	2.93
-0.320983	-0.37426	5.57401
-0.270747	-0.625598	4.39981
0.0652091	0.00602971	-0.678582
-0.5038	-0.731747	3.74279
-1.06043	0.20526	3.35267
-1.18788	0.485568	3.03545
-0.125588	-0.198612	1.37769
-0.179147	-0.915399	3.31566
-0.269066	0.369045	3.94239
-0.225587	-0.812291	3.55197
-0.148296	-0.887411	3.32857
-1.287	0.433129	3.07172
0.00395903	0.0105089	-0.201938
-0.0376873	-0.820475	3.3131
-0.85154	-0.129952	5.22277
-0.550468	-0.276513	5.4272
-0.345951	0.384706	3.80166
-0.455832	0.489869	3.33941
-0.422758	-0.0889001	7.07911
-1.05514	0.168671	3.37303
0.200992	-0.0294441	-1.42989
-0.276951	0.358495	3.9913
-0.748927	-0.100484	5.18415
1.34918	0.460817	-13.9536
-0.624054	0.385401	3.49433
-0.567167	0.426196	3.43865
-1.18689	0.479928	3.01751
-0.205863	-0.846327	3.43106
-0.358927	-0.314887	5.78027
-0.104713	-0.236897	1.25416
-0.0415982	-0.578594	3.97074
0.773091	0.683408	-3.36854
-3.73384	-1.47064	39.6006
-0.0850846	-0.538869	4.25423
-1.33403	0.23595	4.76438
-1.1972	0.479454	3.01453
-0.107368	-0.91723	3.22104
-0.0373515	-0.61154	3.84501
-0.641539	-0.125046	5.70861
-0.506919	0.930541	2.4989
-0.279234	-0.974073	3.40926
-0.104389	-1.15393	2.9624
-0.300621	-0.541118	4.85619
-0.0460818	-0.481764	4.39872
-1.78216	0.0342125	3.26573
-0.188321	0.441698	3.59522
-0.312685	0.508508	3.31636
0.0357154	0.118759	-0.460137
-0.894867	0.693522	7.83008
-1.44484	-0.0330696	3.15665
-0.337118	-0.0852251	1.16823
-0.562184	-0.661351	3.8281
0.136495	0.127979	-0.562138
-0.379101	-0.563063	4.5131
0.957024	0.315705	-8.33199
-0.221464	0.389573	3.83725
-0.619011	-0.393586	4.77211
-0.56396	0.424758	3.41498
-0.280157	-0.648827	4.26326
-1.08976	-0.219308	4.44543
-0.214513	-0.846899	3.44401
-1.58405	0.0699483	3.24981
-0.28768	-0.515997	4.79467
-0.10698	-0.211178	1.32777
-0.210388	-0.81417	3.50647
-0.490878	-0.883855	3.5943
1.42498	0.524925	-13.3641
-0.273962	-0.449926	5.15519
-0.043717	-0.836851	3.26944
-0.119946	-0.233825	1.25391
-1.30461	-0.117663	4.36866
-0.373106	-0.0571775	1.13791
-0.12749	-0.284349	1.1189
-0.567046	-0.655925	3.83732
-0.873713	-0.824013	3.58415
-0.392229	-0.785187	3.82609
-0.891671	-0.432696	4.28452
-1.57568	0.068422	3.24788
-0.488112	-0.716281	3.87918
-0.519899	0.443652	3.39233
-0.214912	-0.179403	1.25015
-1.37247	0.199171	4.69069
-0.908268	-0.916218	3.43238
-0.322899	-0.690496	4.10544
4.18924	-4.6481	-55.5928
-6.88883	-2.80139	58.3057
-0.0952955	-0.270026	1.17873
-0.174488	-0.891422	3.55891
-29.2595	-19.3369	78.7452
-0.268025	-0.900974	3.37944
-0.541629	-0.507456	4.52132
-0.992894	-0.233278	4.54336
-0.608885	0.254367	7.4306
-0.672904	0.156893	4.18116
-0.511418	0.477661	3.31327
-2.2606	1.10582	4.80641
-0.61033	-0.633086	4.05794
0.0574112	0.0146313	-0.673573
-0.709621	0.133984	2.40579
-0.657207	-0.200878	5.35376
-0.117462	-0.886151	3.27532
-0.107602	-0.121564	1.69423
-0.26813	-0.901326	3.38076
-0.124428	-0.787959	3.46956
-0.637685	-0.0695674	5.03277
-0.156207	-0.911637	3.27393
-0.065545	-0.29854	1.12534
-1.08943	0.190145	3.32002
-1.08945	0.200157	3.31209
-0.264493	-0.112387	1.27602
-0.520632	0.445922	3.39033
-0.0835003	-0.869785	3.26246
-0.661227	0.372354	3.45321
0.0601283	0.00987568	-0.665364
-0.0527487	-0.841678	3.27341
-0.583379	-0.906827	3.52679
-0.0536832	-0.80922	3.3314
-0.48354	-0.00838029	7.08478
-0.0878639	-0.785073	3.43295
-0.236533	-0.110953	1.34154
-0.224031	0.443833	3.58095
-0.895585	-0.150459	5.07948
-0.0559085	-0.842503	3.27662
-0.785739	0.254129	6.57863
0.0829313	-0.00710565	-0.545092
-0.167717	-0.917033	3.27658
-0.562515	-0.62697	3.53225
-1.38912	-0.228574	4.13962
0.605005	-0.50673	3.60586
-1.094	0.184699	3.31636
-0.753882	0.0432912	5.89111
-0.30805	0.335451	4.04195
-0.654788	0.341294	3.53147
-0.530115	-0.687034	4.05246
-0.283343	0.172022	1.52815
-0.412321	-0.0482857	3.64664
-0.233398	0.0458702	1.61562
-4.20058	-2.72572	40.5815
-0.912587	-0.16259	4.92186
-0.503014	-0.196816	5.08284
0.86351	-0.0827984	3.63212
-0.235316	-0.03562	1.48826
0.414801	-0.0660565	3.40799
-0.571237	-0.503535	4.44295
-0.243387	-0.882278	3.54939
-0.143776	-0.933013	3.21201
-0.678191	0.373167	3.40718
-1.49824	-0.0211873	3.17809
-0.542645	-0.675809	3.49557
-0.342437	-0.847445	3.63191
0.876284	0.291971	-7.13226
-6.17253	-2.60125	53.5624
-0.481561	-0.50975	2.46653
-1.09427	-0.321844	4.2242
-0.507386	-0.675243	4.00568
-0.39707	-0.822252	3.68959
-0.54234	-0.893856	3.51517
-0.489512	-0.969549	3.31605
-0.497975	-0.720093	3.76168
-1.48059	0.511775	2.87361
-0.842582	-0.242018	4.70591
-0.170486	-0.920624	3.25473
-1.64626	-0.0275909	3.21894
-0.162265	-0.0162827	1.76863
-1.65998	-0.0483015	3.20991
-0.281392	-0.882988	3.39611
-0.144273	-0.0162987	1.90151
-1.4549	-0.0505792	3.12401
0.167722	-0.520368	4.51559
-0.500383	-0.535586	2.64021
-0.51439	-0.566087	2.71412
-1.5651	0.0830208	3.22859
-0.633289	-0.202938	5.3539
-0.563685	-0.633534	3.6671
-0.385614	-0.621672	4.24418
-0.150428	-0.910615	3.24999
-1.51217	-0.0260198	3.17683
-1.34637	0.423506	3.01683
-0.160593	-0.281993	1.05521
-0.587395	-0.118849	4.48883
0.164867	0.142964	-0.691112
-0.173931	-0.757795	3.58094
-1.65146	0.00308224	3.23635
-0.538699	-0.695412	3.42809
-0.503814	-0.394982	4.92555
-0.340089	-0.00158814	1.1911
-0.377395	-0.939337	3.35249
-0.405695	-0.964398	3.33317
-0.548981	-0.665988	3.57143
-0.352261	-0.00776882	1.16532
-0.131775	-0.214511	1.22014
-0.0917034	-0.85777	3.27512
-0.492887	-0.836729	3.63946
-1.01733	-0.329303	4.28993
-1.10311	-0.457536	3.99678
-0.106918	-0.859722	3.28257
-0.904073	-0.170672	5.12015
-0.187713	0.163563	5.76312
-0.968249	0.869617	2.56344
-0.920976	-0.18343	5.0209
-0.451666	-0.995444	3.33509
-0.249667	-0.961223	3.26545
-0.300002	-0.0783224	1.19048
1.29053	0.487366	-10.2565
-0.605089	-0.231352	5.33185
-0.247683	0.390903	3.78224
-0.0754861	-0.585437	4.00305
-0.386705	-0.829533	3.67391
-0.286492	-0.893758	3.38301
-0.536705	-0.70132	3.44041
-0.279851	-0.945551	3.30458
-0.314674	0.394227	3.71578
-0.376008	-0.941235	3.3538
-0.459502	-0.640964	4.14927
0.651292	0.597879	-2.58479
-0.395302	0.476489	3.36141
-0.922814	0.220732	5.48175
-0.122237	-0.919044	3.21194
-0.535851	-0.598303	3.05851
-0.177996	-0.916351	3.26513
-1.43444	-0.0682138	4.27354
-0.232218	-0.945201	3.27199
-50.1847	-26.7012	108.989
-1.26242	0.473929	4.77568
-0.171169	-0.7048	4.03265
-0.592042	-0.170297	4.04247
-0.628984	-0.0905505	4.91306
-1.23175	0.483329	2.97254
-1.60539	0.0680951	3.23236
-0.419296	-0.833438	3.99395
-0.14603	-0.952104	3.19282
-0.658214	-0.741632	3.7806
-1.50417	-0.0271734	3.17587
-0.124445	-0.259198	1.11544
3.4192	1.52877	-29.7696
-1.30967	-0.373082	3.96333
-0.446708	-0.978702	3.31864
-0.317913	-0.115608	1.11154
0.000651948	-0.114318	1.90144
-0.634993	-0.491833	4.39503
-0.138921	-0.959173	3.17448
-0.268971	-0.874003	3.80867
-0.626183	0.162301	3.20023
-0.784311	0.323661	6.82858
-0.23838	-0.903167	3.33822
-0.3587	-0.933835	3.35365
-0.772594	0.33018	6.9661
-0.613073	-0.221357	5.3377
-0.0349721	-0.28239	1.11423
-0.278586	-0.2804	1.10069
-0.210568	-0.886679	3.53533
-1.16839	-0.297968	4.19122
-0.168072	0.154311	6.01034
-0.0633492	-0.844532	3.26446
-0.692378	0.332187	3.47816
-0.694455	0.314526	3.53915
-0.207578	-0.933335	3.2684
-0.801748	0.179616	6.06304
-0.3327	-0.398551	4.87476
-0.52394	-0.721666	3.52052
-0.245818	-0.245113	0.971213
-1.0266	0.400843	5.04895
-0.218524	-0.352688	5.83635
-0.192754	-0.0109337	9.24331
-0.243094	0.1343	1.56689
-0.205075	-0.042226	1.50585
-54.9168	-35.6924	144.117
-0.496565	-0.711316	3.82365
10.1768	4.93212	-94.1745
-0.538105	0.47858	3.26245
-0.205059	-0.763009	3.60548
-0.612184	0.416896	3.36362
-0.190073	0.106138	6.68373
5.83672	-8.23851	-128.278
0.342284	0.0169437	3.76129
0.064801	0.0318666	-0.562641
0.0629277	0.0515651	-0.526862
-0.333065	-0.387885	4.79999
-0.820418	-0.135995	5.18877
0.202937	-0.0927469	-1.36633
-0.776339	0.310226	6.82487
-0.49688	-0.729899	3.5981
-0.0960305	-0.188352	1.29827
-0.223567	-0.926668	3.4021
-1.43594	-0.451398	3.73203
0.079751	0.0521883	-0.47444
-1.26386	0.455216	2.9688
-0.259067	-0.933267	3.27736
-0.387629	-0.335945	5.42681
1.09513	0.370934	-9.50284
-0.484413	-0.18588	5.91435
-0.37507	-0.764566	3.78677
-0.460331	-0.973897	3.28808
-0.58257	0.00473632	4.97316
-0.65816	-0.29856	4.17984
-1.96304	0.376418	4.24988
-1.45931	0.577918	2.77084
-0.309077	-0.530506	4.84375
-0.463437	-0.897081	3.47577
-0.836741	-0.0760674	4.69828
-0.0712873	-0.589058	3.93956
-0.457365	-0.949426	3.31195
-0.294622	0.405539	3.63945
-0.300195	0.409231	3.62304
-0.411882	-0.860962	3.55071
-0.179103	-0.920134	3.23124
-0.593542	-0.596399	3.74981
0.910492	0.306116	-7.20949
-0.0742705	-0.590413	3.93859
-0.5275	0.931403	2.44861
-0.405932	0.373681	3.68073
0.0916095	0.0444853	-0.380619
-0.362025	-0.780461	3.74878
-0.118744	-0.548482	4.24084
-0.488853	-0.525601	2.53855
0.147981	-0.0453071	-0.357688
-1.07404	0.0874329	4.83182
-0.629865	0.425613	2.30119
-0.500056	-0.713863	3.69239
-0.151801	-0.140697	0.727779
-0.298272	-0.576308	4.61926
-1.5857	0.0763825	3.20807
-1.67842	-0.0379822	3.20589
-1.1094	0.131476	3.26514
-0.676437	0.148057	6.59846
-0.785296	-0.251287	4.74212
0.836211	0.279124	-6.64537
-0.185489	-0.918067	3.23958
-0.710859	-0.808532	3.58089
-0.129969	-0.920219	3.18551
-0.292911	-0.894305	3.35029
-0.759994	-0.262319	5.22056
-0.231934	-0.926118	3.26799
-0.360448	-0.858422	3.56375
-0.32195	0.390689	3.68243
-0.257983	0.380421	3.78116
-0.305449	-0.767594	3.79103
-0.241282	0.181309	5.21288
-0.29548	-0.249527	1.58714
-0.337294	0.39176	3.67354
-0.417182	-0.757012	3.79532
-0.148408	-0.892849	3.24481
-0.854958	-0.280905	5.33419
-0.580945	-0.577425	3.60977
-0.905878	-0.171782	4.92386
-0.388529	-0.799081	3.70088
-0.249312	0.19081	5.08504
13.7028	-17.6885	-121.037
-0.265301	-0.619166	4.26568
-0.795775	-0.0748571	4.94464
-0.305283	0.357281	3.84922
-0.286112	-0.329777	5.75833
-0.504868	-0.70367	3.75072
-0.355275	-0.938038	3.32163
-0.354076	-0.466887	4.82486
-0.236143	-0.237651	0.918646
-0.381637	-0.859675	3.56813
-0.221173	-0.0649763	1.35216
-0.467615	-0.409727	2.62627
-0.259306	0.00620878	1.3468
-0.528057	-0.709387	3.42107
-0.538257	-0.618468	3.16338
-0.540015	0.468411	3.24912
-0.898636	-0.165759	4.93751
-0.171185	-0.964816	3.1683
-0.160984	-0.886197	3.26596
4.56564	-5.02573	-52.357
-0.417393	-0.425551	4.91982
-1.12925	0.180781	3.246
-0.101859	-0.799757	3.35798
-0.41086	0.364345	3.70456
-0.22503	-0.761196	3.59692
-0.275339	-0.830128	3.45796
-0.187726	-0.113205	1.3381
-0.732624	0.260329	3.5781
-0.69217	0.36131	3.38052
-0.623992	0.41206	3.32459
-0.155476	-0.800857	3.41698
-0.546122	-0.606541	3.31106
-0.427183	-0.326739	5.36488
-0.455981	-0.721069	3.81772
-0.268682	0.436948	3.5254
-0.468521	0.00775751	7.10147
-0.519065	-0.69084	3.77123
0.608093	-0.500233	3.51694
-0.285953	-0.842353	3.44364
0.0664071	0.001355	-0.583791
-0.536285	0.469566	3.25141
-0.426156	0.492713	3.25774
-0.182371	-0.779223	3.48163
-0.581337	-0.602477	3.69942
-0.286398	0.403718	3.62311
-0.0711282	-0.825705	3.24716
-0.148493	-0.924294	3.182
-0.692489	0.181454	3.88831
-0.555829	-0.123965	4.19871
-1.05797	-0.842521	3.37652
-0.186684	-0.76748	3.51288
-203.913	-90.6632	401.701
-0.336961	0.0388657	1.18861
-0.164031	-0.903706	3.22533
-1.23172	0.466586	2.94067
1.45735	-1.11891	-5.1311
-0.130614	-0.948893	3.13117
-0.121791	-0.953531	3.11903
-0.312445	0.389333	3.66966
-0.52283	-0.589851	2.89359
-6.45382	10.1658	103.629
-0.252146	-0.255101	0.974048
-0.308727	-0.442791	4.95662
-0.052928	-0.843806	3.19393
-0.384054	0.482722	3.27851
-0.378171	-0.945113	3.29253
-1.16995	0.362454	4.81743
-0.0909102	-0.185076	1.31482
-0.578571	-0.598066	3.65523
-0.207531	0.139921	5.87669
-0.124337	-0.563884	4.16839
0.0780339	0.0761033	-0.452483
-0.521254	-0.588073	2.88487
-0.171131	-0.855152	3.30551
-0.589173	-0.137193	5.67136
-0.37875	-0.943546	3.29757
-0.719179	0.285083	3.50184
-0.201316	-0.935685	3.20859
32.4397	-1.44772	-112.772
-0.0602509	-0.62886	3.73898
-0.136267	-0.95554	3.1295
13.6461	6.69068	-115.5
-0.504409	-0.705515	3.65787
-0.242389	-0.859033	3.36331
-3.11417	-1.21336	27.1127
-0.701551	0.274086	3.55859
-0.583257	-0.264524	5.15193
-0.0534317	-0.63226	4.16691
-0.147081	-0.895447	3.21579
-1.18005	0.753399	2.61895
-0.323783	0.39005	3.6575
-0.120393	-0.802183	3.35703
-0.295372	0.408138	3.60461
-0.532793	-0.6344	4.00717
-1.07661	0.35836	4.90431
-0.225343	-0.864163	3.34034
-0.548969	-0.63915	3.55655
-0.530317	-0.681417	3.34998
-0.471477	-0.423572	2.64796
-0.530713	-0.608006	3.04827
-1.41301	-0.0501122	4.22973
-0.304544	-0.670379	4.04118
-0.915479	-0.199922	4.82082
-0.920724	-0.893196	3.35027
-0.133411	-0.275613	1.03995
-0.15238	-0.0446187	1.6862
-0.559447	-0.54127	3.33435
-0.262263	-0.00994881	1.32589
-0.401736	-0.347856	2.20732
-0.908732	-0.185565	4.74578
-0.214947	-0.440765	5.09572
-0.27522	-0.279509	1.0674
-0.675744	0.362582	3.36258
-1.37329	0.405366	2.9748
-0.238223	-0.916536	3.26375
-0.387952	0.45712	3.3546
-0.644916	-0.0877202	4.93601
-0.27062	0.00845884	1.32169
-0.989465	0.553207	4.91441
-0.419535	-0.533156	4.98405
-0.289469	-0.0630462	2.76602
-0.154288	-0.167848	1.2716
-0.215794	-0.216754	0.824777
-0.533354	-0.676312	3.69193
-0.579134	0.231325	7.27329
-0.466365	-0.400183	5.61625
-0.221897	-0.770773	3.54684
-0.854533	-0.171147	5.1809
-0.848943	-0.0887464	4.5786
-0.757163	0.286228	3.44885
-0.385675	0.360077	3.72581
-0.444686	-0.721173	3.79542
-1.63007	0.0313476	4.11437
-0.586569	-0.894437	3.40275
-1.40441	-0.077544	3.0156
-0.823975	-0.119072	5.00101
-0.568572	-0.642895	3.90196
-0.0974713	-0.930408	3.10136
-0.540855	0.406441	3.36034
7.76501	7.51749	-32.5005
-0.356894	0.363961	3.71028
-0.957814	0.520987	4.20797
-0.316225	-0.421633	5.03085
-0.768903	-0.641962	3.80825
-1.62513	-0.0211056	3.16584
-1.46793	-0.0558932	3.08884
-0.143801	0.175757	5.59227
-0.906534	0.197513	5.31765
-1.57923	0.985504	4.2409
-0.931244	0.857586	2.51106
-0.510448	-0.711715	3.47582
-0.244158	0.395801	3.65194
-0.284047	0.493215	3.2489
-0.825219	-0.107964	4.92878
-0.00206727	-0.616735	3.61772
-0.113449	-0.266097	1.08886
-75.0648	-42.7922	164.824
-0.0806135	-0.89272	3.13497
0.0897778	0.0255834	-0.495619
-0.20602	0.385844	3.71685
-0.262528	-0.0140594	1.34204
-1.19629	0.459165	2.93619
-0.0615719	-0.795459	3.26518
-1.16606	0.751128	2.59949
0.0334988	0.121617	-0.454442
-0.513895	-0.695349	3.55461
-0.535409	-0.663185	3.64578
0.387685	-0.00454572	3.40929
-0.137562	-0.912626	3.15923
-0.137568	-0.912666	3.15937
-0.696099	-0.284562	4.75478
-1.18016	0.450468	2.94956
0.108055	-0.0596366	-0.431138
0.264766	0.0822052	-2.25131
-0.773915	-0.281439	4.59725
-0.0610874	-0.866184	3.14791
-1.20311	0.762629	2.5821
-0.329848	-0.942086	3.26121
-0.212272	0.0245044	1.57272
-1.45874	0.486677	2.83077
-0.147891	-0.942162	3.29274
-114.544	-52.7953	290.255
-0.148694	-0.190869	1.23559
-0.0161528	-0.838389	3.14082
-0.0615023	-0.799033	3.26148
-0.658481	-0.93547	3.31704
-1.25789	-0.254302	4.06295
-0.257962	0.0013068	1.37214
-0.199007	-0.848972	3.31679
-0.532207	-0.667531	3.66967
0.110788	0.020252	-0.452439
-0.631356	0.082372	6.41622
-0.199752	-0.899645	3.39121
-0.260579	-0.436044	4.98048
-1.23392	0.431743	2.95429
0.167904	0.0278287	-0.35451
-0.504364	-0.71927	3.49089
-0.301767	-0.185345	1.03135
-0.746226	-0.72457	3.6629
-0.404166	0.167353	1.14515
-1.44488	-0.0566193	3.07205
-0.490252	0.463597	3.24535
-0.0161528	-0.838389	3.14082
-0.526216	-0.67819	3.69262
-1.22389	0.820377	2.51763
-0.0926505	-0.791717	3.31323
-0.52141	-0.773148	3.65887
-0.267461	-0.474891	4.80946
-0.21542	0.474363	4.70976
-0.050397	-0.870855	3.12747
9.41239	5.59386	-91.3752
-1.21779	0.457775	2.93417
-0.665358	0.252694	3.65578
-0.236609	-0.130114	1.21562
-0.383899	-0.468792	5.19216
-0.214877	-0.683274	3.97689
-0.566595	-0.636059	3.80713
-0.237181	-0.91253	3.24948
-0.28411	-0.0699782	1.20529
-0.269626	-0.431643	4.99026
-0.480596	-0.525942	1.97275
-0.25959	-0.91244	3.26017
-0.15686	-0.768768	3.44739
-0.149136	-0.0821726	1.57855
0.0785032	0.0569737	-0.501912
-0.566954	0.411834	3.32277
-0.17634	-0.129379	1.34803
-0.901976	0.112143	5.19959
-0.232754	0.0430337	1.51568
-0.537193	-0.645564	3.3975
-0.277605	-0.436473	4.98062
-0.275007	0.328922	3.96329
-0.27046	0.41562	3.54873
-0.108208	0.0526068	2.43919
-1.15923	-0.112184	4.3627
-55.8951	-24.1578	126.212
-0.519688	-0.669238	3.9257
-0.0947374	-0.8343	3.20885
-0.222374	-0.91491	3.33561
-0.687313	-0.314834	4.65599
-0.679705	-0.46932	4.24815
-0.0603829	-0.940249	3.01915
-0.326169	-0.966315	3.20073
-0.0958813	0.163562	5.92208
-0.869522	-0.172302	4.20737
-0.504482	-0.561987	2.74459
0.0599307	0.0488324	-0.58266
-0.638509	0.276573	3.58521
-1.33745	0.0801628	4.43005
-0.488761	-0.657529	4.38631
-50.307	-27.3928	109.363
-0.491511	-0.304737	5.16086
5.39166	4.64869	-21.6949
-108.973	-47.8416	221.314
-1.73375	-0.00904563	3.16597
-0.809387	0.473248	4.64403
-1.48036	0.181354	4.42841
-0.587226	-0.797677	3.56409
-0.18789	-0.951382	3.13151
8.95057	5.12895	-105.596
-1.19362	0.43328	2.93512
-0.43196	-0.16293	0.952186
-0.448066	0.916601	2.38817
-0.52823	-0.711432	3.20602
-0.45243	-0.361944	5.00054
-98.5295	-49.1751	185.073
-0.140293	-0.916382	3.13421
-0.525171	-0.684654	3.27064
-0.626882	-0.672098	4.36373
-0.375228	-0.82415	3.54945
-0.297529	0.467726	3.2996
-0.141975	-0.852466	3.22671
8.79856	5.15522	-95.6363
-1.14044	0.746032	2.58185
-0.30769	-0.591959	4.23982
-0.78671	-0.187312	4.79701
-0.103407	-0.199954	1.33387
-232.951	-111.485	480.167
-0.361364	-0.376674	1.54617
-0.847868	-0.189181	4.02105
0.0261667	0.122378	-0.467263
-0.601843	0.353834	3.40849
-1.24457	0.156996	4.60464
-0.895351	0.85075	2.49104
-1.11555	0.729304	2.60643
-0.501196	-0.690113	3.70081
-0.412949	-0.439298	1.8203
-0.0753585	-0.894278	3.09571
-147.834	-71.1467	385.327
-0.0576706	-0.907526	3.29815
-0.807448	-0.797346	3.48897
-0.152402	-0.940585	3.10844
-1.38473	-0.180965	4.04283
-0.310129	0.45483	3.33779
-0.289202	-0.94409	3.20724
-2.00333	0.632106	4.4165
6.32715	3.89545	-60.9041
-86.4337	-49.6278	191.828
-0.139696	-0.46116	4.95678
-0.636164	0.281241	3.5751
-0.102598	-0.0416523	2.17369
-2.36557	-1.58305	29.8704
-1.56305	-0.0622199	3.09919
-0.860494	-0.185078	4.13472
8.67122	5.09572	-96.1634
-0.0664924	0.124002	6.97612
-0.337801	-0.959517	3.21768
-0.356258	-0.0343812	1.16935
-0.412027	-0.439362	1.76571
-0.4568	-0.762553	3.47868
-0.950394	-0.486872	3.93412
-86.2673	-49.5323	191.459
-0.237116	-0.69088	3.91613
-0.615851	0.166395	4.07679
-0.51975	-0.589899	2.19637
6.17891	5.07153	-23.4983
0.408784	0.00429619	3.2594
-0.626595	-0.119507	4.65504
-1.21893	0.202917	4.67028
-0.135648	-0.936571	3.09967
-0.197905	-0.535834	4.5222
-1.38574	0.104482	4.40871
-1.28521	0.391123	2.95598
0.0278028	0.1265	-0.459181
-0.0521954	-0.786793	3.23908
-0.407851	-0.733496	3.67743
-0.0400538	-0.903834	3.29261
-1.01788	0.0664992	4.80982
-0.307255	0.445982	3.37057
-0.232397	0.121407	1.6615
-0.638547	0.276218	3.58627
-0.239469	0.364873	3.77054
-0.266539	-0.941997	3.20133
-1.17543	0.45484	2.91536
-0.536572	-0.66159	3.85068
-0.216658	-0.443682	4.863
2.78773	0.390436	-17.7161
-0.114646	-0.76828	3.35952
-0.101258	-0.14439	1.55564
0.0153341	0.0882072	-0.572636
-0.00752861	0.0728782	-0.675885
-0.181195	0.0777221	1.87401
-0.311062	-0.859943	3.47248
-0.25544	0.3681	3.74273
-0.314855	0.339297	3.81788
-0.565409	-0.596717	3.57165
-1.28995	0.40137	2.94548
-1.18402	-0.079969	4.38266
-0.051991	0.0544348	3.42798
0.0174177	-0.839668	3.06238
-0.437872	-0.308268	5.30956
-0.148602	0.377705	3.73247
-0.484873	-0.700082	3.7066
-0.603384	0.346308	3.42221
-0.0733444	-0.810602	3.22386
-0.303188	0.0748109	1.39062
-0.555581	0.0686648	6.73688
-0.114647	-0.768284	3.35953
-0.110737	0.349751	3.89395
-0.289958	0.440585	3.39878
-0.54682	-0.637441	3.61439
-1.06139	0.0864298	4.7606
-0.604236	0.315968	3.51783
-0.119573	-0.760025	3.39089
-0.3335	-0.730501	3.71121
0.0506357	-0.0451811	-0.63592
-0.0273322	-0.0920421	2.18454
-0.423589	-0.564785	4.23589
-0.0278324	-0.757661	3.24712
-0.236624	-0.262425	1.06939
-0.610903	0.26576	3.624
-1.08542	0.724441	2.59612
-0.219055	0.684547	7.18774
-3.00383	-2.13553	38.0023
-0.145631	0.372957	3.72957
-1.11196	0.738854	2.5774
-0.94031	0.870312	2.44994
-1.00348	0.294791	3.12657
-71.4542	-31.5982	163.455
-0.460247	-0.894746	3.37943
-0.86966	-0.843892	3.38201
-0.0371839	-0.918155	3.00331
-0.0604022	-0.923291	3.02011
-0.157468	-0.675362	3.67425
-0.487455	-0.745709	3.38959
-0.472416	-0.736704	3.46879
-0.00857657	-0.894822	3.0018
-0.477593	-0.68492	3.88738
-0.626337	-0.618881	3.91461
-0.612734	0.266556	3.63486
-0.29015	-0.977378	3.1538
0.145982	0.00123582	-0.405505
-1.3595	0.556986	2.72524
-0.479456	-0.685673	3.86658
-0.16042	-0.898234	3.15433
-0.37381	-0.873528	3.42496
-0.601452	-0.59078	4.00206
-1.14287	0.767224	2.53488
-1.15224	0.825342	2.47292
-1.14368	0.7542	2.54961
0.0236639	0.0819177	-0.594427
-1.4475	0.0385763	3.11578
-0.895549	-0.231799	4.49058
-1.12263	0.443157	2.91916
-0.943868	-0.40629	4.07844
-2.18938	0.886954	4.38879
-0.0223696	-0.898798	3.01129
-0.0337819	0.138381	6.56871
-0.897115	-0.225518	4.48814
-0.504514	-0.729253	3.35193
-0.274718	-0.486067	4.68574
-0.551851	-0.638349	3.73449
-0.0336681	-0.954171	3.1677
-3.37545	-2.29197	37.4357
-1.34954	-0.0758219	2.96621
0.0493457	0.12259	-0.456905
-0.693349	-0.480256	4.18689
-1.35432	0.20845	4.55604
-0.244551	-0.0398983	1.45665
-0.0523852	-0.769679	3.25086
-0.325838	-0.495141	4.59111
-0.428801	-0.458778	2.00749
0.0459508	0.0119728	-0.78376
0.0773108	0.050051	-0.535605
-1.07039	0.431154	4.73746
0.0315516	0.1045	-0.528274
-0.430379	-0.779077	3.45044
-0.153548	0.34077	3.92162
-0.755083	-0.245495	5.11082
-1.09052	0.728177	2.59055
-0.575813	-0.698702	2.53924
-1.44501	0.120909	4.37292
-1.39675	0.475783	2.81227
-0.184742	0.364632	3.76804
-0.218569	-0.0511182	1.5128
-1.48566	0.0143594	3.11516
-1.51355	-0.03659	3.08838
-116.063	-67.6282	261.406
-0.436745	-0.756026	3.50148
-0.555805	-0.886684	3.38434
-0.564842	0.336877	3.48124
-0.0134625	-0.791714	3.15668
-1.12649	0.745384	2.56759
-1.16004	0.810501	2.48732
-0.946766	-0.526148	3.86124
-0.0125071	-0.95561	2.93267
-0.0918483	0.355022	3.82489
-0.0276759	0.140988	6.48944
0.0295928	0.0301606	-0.848505
-0.266552	0.32858	3.90556
0.213941	0.0697886	-1.43747
-0.367503	-0.74273	3.62327
-0.448042	-0.709985	3.72169
-0.0633647	-0.910913	3.03859
-1.31897	-0.085056	4.22284
0.0770838	-0.0101951	-0.589266
0.0876061	-0.0529126	7.70147
-0.532683	-0.834965	3.49469
-0.779524	0.236361	6.11867
-0.232218	0.113153	1.68715
-0.589584	0.296661	3.57456
-0.426759	0.448881	3.26235
-0.293226	0.471245	3.26304
0.0876127	-0.816776	2.96753
-0.512451	-0.593011	2.34967
-1.14866	0.434553	2.90624
0.100116	-0.584547	3.39102
-1.25019	0.383168	2.93669
-1.1168	0.449477	2.89541
-1.50377	-0.0610814	3.05407
-0.423489	-0.475345	4.53739
-0.232961	-0.916102	3.30552
-68.8357	-30.5734	158.154
-0.0974062	-0.898651	3.29924
-1.08131	-0.225945	4.23646
-0.481704	-0.541649	2.24795
0.439928	0.353124	-5.70339
-0.116013	-0.877534	3.12343
-0.189108	-0.66723	3.74648
-0.0585145	-0.267439	1.23705
-1.0246	0.409842	4.78148
-0.475623	-0.747408	3.39731
-0.120174	-0.810401	3.23544
-4.60261	-3.50944	13.0557
-0.389955	-0.531003	4.35588
-0.997942	0.293164	3.10932
0.00282771	-0.896384	2.9691
-0.0439976	-0.855899	3.07983
-0.427194	-0.962265	3.23632
0.0193767	-0.800318	3.08266
-0.201628	-0.916434	3.29765
-0.488931	-0.553597	2.29391
-0.595714	-0.141839	4.2551
-0.789313	-0.853642	3.37726
0.0599066	-0.82557	2.99533
-0.251997	-0.535388	4.45449
-156.261	-77.9693	331.46
-0.0702444	-0.936021	2.99824
0.0627664	-0.263145	1.24349
-0.564096	0.346785	3.4158
-0.996705	0.294333	3.10915
-1.08748	0.014921	4.60796
-0.335055	-0.827272	3.51106
-0.202958	0.476281	3.23477
-0.243634	-0.69037	3.88305
-0.600436	0.273025	3.59604
7.35004	3.6502	-76.8375
-8.57407	-7.57785	34.4164
0.0262982	-0.802153	3.06812
-0.166043	-0.26349	1.16697
-0.90349	-0.575316	3.79163
-0.0931586	-0.859367	3.12313
-1.35543	-0.0679815	2.97915
-0.543682	0.353974	3.42492
-0.318721	-0.137342	1.1832
-0.404438	0.0478961	1.2059
-0.424733	-0.875331	3.40518
-0.235203	-0.951251	3.12106
-0.02912	-0.860774	3.05516
-0.104272	-0.135746	1.67655
-1.35282	-0.0647443	2.9806
-0.0508459	-0.310916	1.13902
-0.436286	-0.712232	3.69269
0.0213502	-0.797519	3.08274
-0.235466	-0.788689	3.61091
-0.424584	-0.455358	1.98775
-0.152627	-0.907819	3.11303
-0.020128	-0.749553	3.22564
-0.0861498	0.354808	3.79562
-0.0744951	-0.308026	1.13758
-0.416295	0.421839	3.33753
0.0911815	-0.580556	3.41833
-0.474044	-0.530316	2.2193
-0.434062	0.0744351	7.53755
-0.0885307	-0.160335	1.59195
-1.14601	0.440864	2.89919
-0.227614	-0.0476541	1.54031
-0.218396	-0.190749	1.25441
-0.57653	-0.714494	2.60286
-143.118	-84.9183	323.3
0.546385	0.189202	-3.83397
-1.08526	0.734795	2.56602
-0.0954394	-0.232378	1.3123
-0.411454	0.417021	3.3518
-0.18964	-0.228549	1.21821
-0.410087	0.453814	3.23651
-0.000943015	-0.889365	2.98243
-4.55558	-3.99895	18.587
-1.32998	-0.0757767	2.95168
0.446173	-0.0181248	3.05965
-3.21064	-2.47125	9.10582
-0.356264	-0.74576	3.59648
-0.707288	-0.923056	3.28696
0.115287	-0.0400248	6.7566
-1.08602	0.737989	2.56304
0.0225298	-0.876395	2.97041
-0.264939	0.326591	3.88192
-0.153806	-0.905841	3.12033
-0.556573	0.351911	3.41364
-0.141694	-0.170281	1.4419
-0.411458	0.417025	3.35183
-0.242372	-0.0765394	1.63906
-0.0177769	-0.803657	3.12554
0.113935	0.03008	6.67737
-0.085702	0.359778	3.76704
1.59688e-16	-0.543764	4.40414
-0.151287	-0.0454739	1.89997
-0.0338185	0.162059	5.94599
-0.0564862	-0.738236	3.31047
-0.424972	0.447001	3.24869
0.0315762	0.121597	3.96503
-0.550747	-0.526998	4.21017
-0.075421	0.408726	3.48986
-0.416779	-0.731665	3.73873
-0.270944	0.392101	3.55507
-0.30357	-0.458345	4.85232
-0.148658	0.168718	2.21507
-0.824824	0.471035	6.47424
-0.437974	-0.731302	3.53205
-1.12099	0.464138	2.84997
-0.154248	0.355129	3.76652
-149.277	174.152	669.826
0.0599235	-0.807541	2.99618
-0.567454	0.340472	3.40472
0.0197708	-0.867089	2.96561
-0.187539	-0.838991	3.45467
0.00275301	-0.944282	2.89066
-0.110119	-0.506547	4.62499
-0.769957	-0.469009	4.10383
0.0204195	-0.796359	3.06292
-0.568149	-0.817337	3.48863
0.157444	-0.505479	4.35043
-1.99131	0.37726	4.08374
-0.271574	-0.728962	3.75201
-0.434805	-0.731417	3.53911
-0.660036	-0.28481	4.74684
-0.886106	0.191318	5.28643
-0.446724	-0.70991	3.63612
-0.122126	-0.860842	3.12763
-1.51049	-0.0664271	3.03254
-5.89356	-4.4726	16.592
-1.10798	-0.462875	3.82692
-0.198748	0.473938	3.21055
-0.812494	0.394307	3.05777
-1.33074	0.251099	4.59328
-1.02008	0.141223	3.18206
-0.0710412	-0.891191	3.03225
-1.35574	-0.058403	2.97685
-1.23151	0.388343	2.90842
-0.352582	-0.904007	3.33523
-0.488738	-0.555745	2.19869
-0.47192	-0.338448	5.00521
-0.671875	-0.772014	3.55221
-0.970441	0.393923	4.86611
-0.274695	0.44267	3.31529
0.0553362	-0.545848	3.58661
-0.154309	0.35527	3.76802
-1.07416	0.0202339	4.61862
-0.742739	0.056804	5.62681
9.22601	4.71313	-95.5356
-1.22617	-0.140524	4.21573
-2.00826	0.635991	4.38759
-1.26025	0.375689	2.91339
-0.514858	0.360725	3.40001
-1.10611	0.742711	2.53032
-1.5621	-0.0917099	3.97915
4.849	4.24863	-19.2453
-0.0983452	-0.921915	3.01937
-0.265816	0.317168	3.89596
-0.318242	-0.724813	3.75792
-1.02039	0.136901	3.18304
-1.08331	0.725218	2.55016
-0.439018	-0.713629	3.64806
-0.0740986	-0.887676	3.04396
-0.589783	0.144169	4.14506
-0.579883	0.0930302	4.41599
0.167015	0.139769	-2.18475
-0.10608	-0.941901	3.00388
0.376061	0.130225	-2.59288
-0.241121	-0.690339	3.8769
-1.07914	0.731733	2.54363
-0.958486	-0.585699	3.73841
-0.891368	0.488041	4.01827
-0.506688	-0.668029	3.85859
0.332264	0.269994	-4.40955
-1.11346	0.169999	4.73823
-0.234152	-0.947	3.10711
0.256331	-0.632801	3.69019
-1.09849	-0.00897305	4.54715
-1.02546	0.140371	3.18252
-6.35863	-4.81005	17.9066
-0.286788	-0.962267	3.12347
-0.218087	-0.212786	3.47585
-0.475541	-0.288448	5.21661
-0.562344	-0.684701	2.49432
-0.263267	0.315992	3.90251
-0.406444	-0.776938	3.42103
-0.535817	-0.643031	3.65857
-0.0239303	-0.949172	2.91291
-1.08674	0.728993	2.54576
0.418941	-0.030765	5.19428
-0.203121	0.351913	3.75937
-0.353321	-0.945022	3.2553
-1.20219	0.52153	4.53748
-0.0198458	-0.882591	2.99141
5.01384	2.4015	-49.4325
-0.435632	-0.38607	4.8631
0.0321704	-0.892251	3.23181
-0.92752	-0.376679	4.12856
-0.347017	-0.735715	3.58906
-0.109936	-0.406009	5.27161
0.0641536	-0.840215	2.94231
-0.436161	-0.710496	3.65178
0.0892544	-0.502554	4.48343
10.0525	5.14255	-98.193
-1.17646	0.557987	4.40099
-1.15337	0.451468	2.85615
-1.04135	0.496639	4.41188
-0.416499	0.412562	3.32864
-0.54114	-0.231732	5.28585
0.744398	0.256635	-7.27098
-0.0366202	0.138865	6.43859
0.0759429	-0.159052	6.06849
-0.670635	-0.0863818	5.40884
-0.723657	0.202334	6.36174
-0.243195	0.322613	3.88726
-0.39125	-0.411259	4.35384
-0.266377	0.303895	3.93938
-1.01666	0.272476	3.07635
-0.253034	0.446714	3.28007
-2.63149	-2.33516	10.2997
-0.574567	0.327861	3.40845
-0.0476949	-0.928648	2.94586
-0.19099	-0.677145	3.64616
-0.4255	-0.783816	3.35921
-0.00706576	0.105988	7.41914
-1.02694	0.394545	2.9381
-1.52231	-0.0719429	3.0216
-0.137624	-0.810452	3.21122
-0.43983	-0.480367	2.12821
-0.580149	0.0804586	4.4464
-0.20485	0.467792	3.21034
-0.283777	-0.984114	3.08454
0.0250985	-0.873986	2.92816
-0.312326	-0.992266	3.08797
-1.53453	-0.0458676	3.04817
-0.109898	-0.825739	3.15282
-1.02802	0.118641	3.16175
-1.11436	0.742431	2.50983
-0.0724285	-0.837933	3.09146
0.0122685	0.0110286	-0.157282
-1.3619	-0.0648522	2.96065
0.0961696	-0.504038	3.58078
-14.7931	-10.5113	41.9604
-0.497543	-0.736758	3.2368
-1.37744	-0.0781165	2.95044
-0.100338	-0.864549	3.08055
-0.427531	-0.767173	3.39772
-0.312202	-0.993284	3.08674
-1.11487	0.741622	2.51097
-1.52105	-0.0770921	3.0159
-1.46311	0.0309708	3.06786
-0.604983	0.122204	4.17148
-1.16579	0.415313	2.87423
-0.0973306	-0.936992	2.98822
-1.53309	-0.0461196	3.0464
0.0175926	-0.813976	3.01835
-0.0313476	-0.908632	2.94938
-0.857996	-0.255759	4.17778
-0.414559	-0.788188	3.36805
-0.212213	0.459364	3.24061
-0.0151046	-0.90482	2.937
-0.473905	-0.535872	2.1631
-0.272063	0.434212	3.32015
0.0724744	-0.852373	2.89566
-1.26253	0.383811	2.88634
-0.0510832	-0.778373	3.17006
0.529672	-0.139798	2.72273
-1.53559	-0.0461948	3.05137
-0.109983	0.351127	3.75625
-0.446974	-0.71476	3.58349
0.0209079	-0.810809	3.01889
-0.56058	0.330314	3.41341
-0.355263	-0.754311	3.49354
-0.0574856	-0.922365	2.9623
-0.599835	0.128457	4.15168
-0.873858	-0.248474	4.28938
4.35815	2.08144	-45.8232
-0.399971	-0.791158	3.36655
0.0229528	-0.806791	3.02618
-0.613163	0.249088	3.60361
-0.117772	-0.507349	4.21159
-0.265249	0.429317	3.34444
-1.46602	0.0302755	3.0655
-1.17521	0.404743	2.88655
-0.0245906	-0.86896	2.99329
-0.182048	0.339089	3.81554
-0.417077	-0.771618	3.3976
-0.206608	0.456145	3.25313
-0.0980873	-0.868006	3.07364
-0.490227	-0.753109	3.25941
-0.108079	-0.922486	3.01366
0.440647	-0.0467944	3.03822
-0.161787	0.303356	4.06364
-0.132637	-0.48185	4.37266
-0.117759	-0.50729	4.21111
-0.618679	0.250709	3.58605
-0.266222	0.309679	3.90071
-0.567894	-0.6952	2.47558
-1.17973	0.406217	2.88086
0.311931	0.258604	-3.57726
-3.82642	-1.65359	37.7246
-0.478336	-0.685204	3.68329
-0.174327	-0.157832	0.703043
-0.105988	-0.851576	3.10582
0.113653	-0.045763	6.66083
-0.143398	-0.84619	3.15155
-0.0866752	0.342194	3.80982
-0.0999393	0.395593	3.51427
-0.163182	0.298204	4.09868
12.874	7.30108	-125.753
-0.250286	0.419562	3.38512
-0.421695	0.436216	3.22364
-0.0441767	0.326732	3.88359
-0.267226	0.319616	3.85115
-0.359134	-0.445111	4.71221
-0.0823405	0.342215	3.81005
-0.292664	-0.741848	3.52446
1.5182	0.584585	-14.6666
0.114625	-0.114885	5.92715
-0.673473	0.242928	3.50329
1.3405	0.6266	1.6575
1.3303	0.6256	1.6464
1.323	0.6252	1.6384
1.316	0.6254	1.6302
1.3066	0.6256	1.6196
1.2991	0.6257	1.6118
1.2922	0.6256	1.6041
1.283	0.6257	1.5933
1.2757	0.6256	1.5853
1.2683	0.6255	1.577
1.2582	0.6251	1.5661
1.2509	0.6247	1.5583
1.2434	0.6244	1.5508
1.2336	0.6244	1.5407
1.2263	0.6243	1.5324
1.219	0.6245	1.5236
1.2089	0.6245	1.5116
1.2012	0.6247	1.502
1.1937	0.6248	1.4929
1.1843	0.6252	1.4803
1.1772	0.6252	1.4713
1.1707	0.625	1.4627
1.1622	0.6244	1.4513
1.1561	0.6237	1.443
1.1501	0.6226	1.4343
1.1424	0.6215	1.4233
1.1371	0.6211	1.4151
1.1322	0.6209	1.4078
1.1257	0.6206	1.3979
1.1211	0.6208	1.3906
1.1165	0.6209	1.3836
