630	6
-1.71898	0.456942	3.26388
-0.248102	-0.0553076	1.65927
-1.63973	0.546574	4.07024
-1.02439	-0.113819	2.02562
-0.959786	-0.225522	1.83565
-1.82893	0.448746	3.95954
-0.953918	-0.111889	1.99128
-0.454359	0.294645	2.89137
-0.0758287	-0.188927	1.34949
-0.0673736	-0.191949	1.33475
-0.968878	-0.105104	2.00655
1.32067	-0.0226691	2.76787
-0.0654774	0.0106613	1.59886
-0.225106	0.144301	2.02018
-0.0755641	-0.171011	1.39196
-0.393349	-0.110136	1.83562
0.538893	-0.30133	1.14806
0.742746	0.167571	4.14952
-0.0619956	0.587678	6.40204
0.00177944	-0.00140427	0.00500412
1.92693	-0.212339	3.7775
-0.199987	0.56616	2.95755
-0.248849	-0.0966849	1.66427
1.32585	0.0154241	2.7921
1.43683	-0.49673	3.44462
-1.52913	1.0839	4.49236
-2.0013	1.90224	5.53282
-0.0679522	-0.191129	1.33613
-0.804705	-0.119174	1.89024
-0.930305	0.298462	2.26683
-0.173462	-0.246188	2.4884
-0.702996	-0.150759	1.75498
-0.228128	0.145525	2.02651
-1.67297	0.529965	4.03821
-0.710127	-0.203299	2.13893
-0.107174	0.294623	2.20651
-0.162924	-0.187685	1.47728
-0.414791	-0.188603	1.81018
-1.68156	0.455186	3.94998
-0.326546	-0.172342	1.70387
0.244016	-0.24944	3.34211
-0.161572	-0.0685569	5.60581
0.266578	-0.407336	4.46193
-0.328324	-0.0714164	0.991256
-0.278204	-0.0803685	1.70826
1.49994	-0.230649	3.41762
-1.43379	1.30639	4.36228
-0.296518	-0.0466917	3.30881
-1.27236	0.151954	2.97875
0.176142	-0.283853	0.749992
-0.184378	0.227208	1.90113
0.157437	0.161462	3.13613
-0.0742485	-0.257382	2.40989
-0.460843	-0.00159249	3.44749
-0.847381	0.105259	5.34349
-0.427011	-0.148939	4.60864
-0.465031	-0.340978	1.68264
-0.320567	-0.0622477	1.74763
-0.396408	0.960919	4.10482
-0.206098	0.388261	3.13207
-0.988454	0.48242	2.7818
-0.947518	-0.22735	1.82898
-0.0986241	-0.180359	1.38962
-0.342951	0.00614967	1.81473
0.183755	-0.117815	3.18893
-0.0854527	-0.145783	1.42421
-1.05584	-0.140056	2.01673
-0.458426	0.290546	2.88785
-0.486642	0.161184	2.64413
-0.575573	0.0398618	2.8268
-0.686383	-0.0162565	4.74395
-0.557771	-0.0531566	3.9972
-0.013189	-0.00162967	0.0308445
1.902	-0.218272	3.76216
-0.0315572	-0.0567747	2.25628
-0.260317	0.138318	3.37082
-0.635399	0.247448	5.32092
-0.280309	0.630358	3.20614
-0.119626	-0.0724182	2.11805
-0.130583	0.0404196	3.3445
-0.505447	0.163461	5.37719
0.295207	0.291515	2.65987
-0.56031	0.681305	3.29246
-0.881025	0.713692	4.98439
-0.509537	0.546987	4.51298
-1.01746	-0.117968	2.01739
-1.5986	0.428964	3.94132
-0.0525235	-0.129913	1.38012
-0.113351	0.3087	2.31193
-0.934969	0.503432	2.52512
-0.369141	-0.0611078	2.29814
-0.272328	-0.212254	4.39404
-0.112471	-0.164836	1.42008
-0.232963	-0.055323	1.63728
-0.9338	-0.187504	1.88222
-0.352368	0.260587	3.41677
-1.29595	0.343991	2.71087
-0.201822	0.573718	2.93443
-0.334396	0.621265	3.28834
0.00252037	0.000165637	-0.0159265
1.94754	-0.214571	3.78087
1.19053	-0.630856	2.37801
-0.105441	-0.182364	1.39916
-0.143408	0.274839	2.46585
-0.375366	0.326395	3.02762
-0.595446	0.33276	4.92403
-0.217727	0.166564	2.07392
-0.151429	-0.493456	2.11723
-0.239741	-0.271829	3.60693
-0.410632	0.0767503	1.19774
0.798047	-0.229697	3.20817
0.798047	-0.229697	3.20817
0.396189	-0.0106035	5.70984
0.816977	-0.39249	4.31321
-0.0305726	0.151295	0.558795
-0.045184	0.402986	2.81248
-0.676885	0.547007	2.94611
-0.836387	0.487547	4.67063
-0.212701	-0.327373	2.12558
-0.204084	-0.19901	3.44934
0.760242	-0.0698062	1.55955
-0.435858	0.20593	3.16643
-1.06823	0.201932	2.73515
-1.0949	0.0553776	4.41936
-1.04754	0.129966	3.93416
-0.53236	0.206044	2.46622
-0.374062	0.186683	2.23293
-2.03669	1.2632	5.53001
-0.248585	0.188069	2.16429
-1.01036	-0.122907	2.00768
-1.74618	1.08079	4.87185
-1.67029	0.522734	4.03084
-0.12306	0.0848097	1.78926
-1.81724	0.433869	3.9466
-0.285733	0.243176	2.35287
-0.212295	-0.0673816	1.62484
-0.0806059	-0.195097	1.35331
1.4704	-1.04601	3.70591
-1.92511	0.777274	4.83918
-2.77725	0.998044	5.75101
-1.82676	0.554093	6.1033
-0.278485	0.27183	3.08717
-0.975228	0.343252	2.81743
-1.04807	0.222818	4.49121
-1.89666	0.462109	3.966
-0.244343	-0.0362386	1.66837
0.28619	-0.224378	0.805807
-0.364322	0.19068	2.24538
-0.360605	0.299412	2.77673
-0.370843	0.217438	2.34258
-1.73642	1.2316	5.02934
-0.281827	0.428044	2.30072
-0.175283	0.304433	2.8562
-0.340993	0.296561	4.86204
-0.103449	0.278324	2.16816
-0.7083	-0.206385	2.13284
-0.0613647	-0.119074	1.40224
-0.492292	-0.0991195	2.00773
-1.67002	0.516522	4.02378
-0.798393	-0.349353	2.16765
-0.247731	-0.617593	3.03926
-0.705616	1.00989	4.69148
-1.9411	1.2123	4.54714
-0.41534	-0.189504	1.81056
-0.0186838	-0.0302149	2.60082
-0.585987	0.228715	3.29767
-1.73875	1.20221	4.998
-0.101084	-0.0930078	1.48109
-0.3875	0.828428	3.82042
-0.0549829	-0.132544	1.38101
-1.73642	1.2316	5.02934
-1.67528	0.576848	4.09097
-0.00989247	-0.101766	2.26544
-0.281026	0.124239	3.41498
-0.704234	-0.330563	1.54132
-0.364322	0.19068	2.24538
-0.208097	0.127743	1.96007
-0.258175	0.205924	2.43279
-0.360946	0.192345	2.99869
-0.568085	0.198637	4.94065
-0.333773	0.0784175	4.17434
-0.214527	0.0759745	1.79401
-0.226402	-0.358986	2.02041
-0.110779	-0.249641	3.48062
-0.541483	-0.0812082	5.58187
-0.13957	0.31235	2.37478
-0.0809382	-0.158283	1.37716
-0.0810616	-0.12328	1.42527
-0.80815	-0.307189	3.07178
-1.10932	-0.429896	2.83494
-1.16545	-0.534846	4.65918
-0.876412	0.443401	2.85934
-0.707701	-0.000125418	2.31805
-0.587763	-0.191958	4.25683
-0.705301	-0.0472398	3.49116
-0.336477	0.156678	0.819735
1.18346	-0.191837	3.27748
-0.502292	0.444385	2.94043
-0.787439	0.278031	2.56867
-0.771043	0.12509	4.36832
-0.769299	0.211465	3.76596
-0.316725	0.402462	2.30108
-0.178845	0.0924984	1.84971
0.0797647	0.394441	2.88834
-0.75292	0.64273	3.02671
-0.94097	0.589123	4.68423
0.301926	-0.213861	0.870243
-0.399777	0.515438	2.55435
-0.396697	0.328215	2.66569
-0.460049	0.246183	4.59904
-0.440637	0.124733	2.21415
-0.170305	-0.03165	2.96453
-0.278664	0.0275014	2.39739
-0.373341	0.0486852	3.11146
-0.625387	0.0853543	5.07252
-0.362993	0.296582	2.77489
-0.261359	0.184198	2.70927
-0.633469	0.225776	2.9595
-0.79816	0.18683	4.78622
-0.606119	0.12276	4.14634
-0.191737	0.149769	3.22485
-1.14044	0.34535	2.9361
-0.179929	-0.0648454	1.58178
0.208607	-0.117383	2.92134
-0.919191	0.386962	3.45867
-1.27216	0.423748	5.06187
-0.322031	0.641738	3.25806
-1.04324	0.598553	2.50418
-0.122756	-0.111361	2.29883
-0.315244	0.0445187	3.33486
-0.285842	0.21818	2.28443
-0.080845	-0.288167	1.29223
-0.300771	0.512196	2.78354
-0.619209	0.437447	2.6956
-0.675564	0.330109	4.50498
-0.592705	0.354983	3.90028
-0.115052	-0.133198	1.44492
-0.272641	-0.0312352	1.71201
-0.610915	0.616796	3.54104
-0.723014	-0.20352	2.15459
-0.316261	0.628659	3.27095
-0.103198	-0.0897284	1.48724
-0.649486	0.772351	2.45449
-0.231974	0.311452	2.33265
-0.168548	0.172252	4.3802
-0.478853	0.681536	2.86459
-0.652341	0.443818	2.43904
-0.595941	0.271334	4.26589
-0.63281	0.383442	3.64623
-0.031935	-0.372472	2.32255
-0.406834	-0.0670874	3.57181
-0.850748	0.0784668	5.49159
0.0241118	0.0375184	2.23252
-0.21299	0.237944	3.35109
-0.585645	0.344777	5.2963
-0.174643	0.0905355	4.5246
-0.128571	-0.247581	1.60407
-0.304954	0.267886	2.37239
-0.286228	0.191093	2.93473
-0.268297	-0.0444721	1.69685
-0.276019	0.199953	2.22616
-0.290342	0.373415	2.4682
-0.351185	0.291522	2.85583
-0.499646	0.261615	4.79337
-0.375875	0.440993	3.09346
-0.936613	0.392459	2.63242
-0.132601	-0.299385	2.09524
-0.167851	-0.129072	3.49311
-0.600178	0.0306068	5.53712
-0.135902	0.0749705	1.78318
-0.252394	-0.104001	3.20899
-1.1912	0.125211	3.06759
-1.34704	0.0444431	4.67981
-1.16346	0.029637	4.26283
-0.187491	-0.0735417	2.21032
-0.219622	0.00889782	3.2797
-0.55777	0.106421	5.29275
-0.25595	0.418793	2.03586
0.0778154	0.267742	2.93035
-0.14337	0.311019	5.03992
-0.195783	0.105338	1.89136
-0.0856392	-0.201769	1.52399
1.65061	-0.184096	3.27619
-1.64908	0.517519	3.95471
-2.14587	0.573805	5.16166
-1.58386	0.360384	5.19256
-0.0850557	-0.043193	0.617547
-0.871182	-0.466212	5.01308
-1.88071	-0.0242371	6.66667
-0.368401	0.572473	2.98976
-0.576571	0.561721	4.82782
-0.327752	0.474897	2.34098
-2.37706	-0.0195092	5.06832
-3.27205	0.227159	5.98021
-0.106789	0.31127	2.3856
-0.733749	1.82104	9.68684
-3.78777	3.30198	10.1871
-2.0709	-0.527375	4.16437
-2.60148	-0.436831	5.45274
-135.88	-43.5412	417.906
-0.915356	0.604276	2.67711
-0.152618	0.114814	1.52611
-2.50429	0.606719	5.44402
-1.2726	-1.00723	19.1614
-8.28338	2.75024	18.993
-0.155643	0.45734	2.51411
-1.42091	0.916815	2.9082
-0.151774	0.660551	3.13485
-0.444066	0.708493	5.01923
0.952417	-0.749992	2.59205
-0.111413	0.229993	1.07709
-0.229939	0.234383	1.87881
0.0284153	-0.0090786	4.00571
-0.174448	0.5148	2.80065
0.982693	-0.87434	2.60951
-1.43855	0.84789	3.4532
-0.19514	0.207751	1.71923
0.128474	-0.0680442	3.88782
-0.210717	0.39035	2.23477
0.758504	-0.523682	60.4231
-24.0919	13.2352	55.695
-2.20332	-0.706047	6.77634
-1.2401	0.159015	3.18742
-1.44295	0.0991166	4.75533
-1.20789	0.0548283	4.38646
-0.686992	-0.254025	2.48503
-0.109694	0.311017	2.36982
-0.502755	0.0465355	3.22986
-0.792945	0.0947953	5.12357
-0.250241	0.2308	1.75865
-0.576811	0.00992901	1.25592
-0.0155879	-0.416834	3.38082
-0.392545	-0.115429	13.5484
-5.10161	2.39365	14.2154
-0.0788588	-1.09751	14.6597
-0.0781988	-0.0158818	0.560323
-0.507141	0.235889	1.35705
0.000851118	-0.166382	3.43688
-0.182255	0.106046	1.14805
0.00181469	-0.00241765	-0.0125178
1.04982	-0.655019	2.5136
-0.0618786	0.122402	1.14761
-0.0618786	0.122402	1.14761
-0.326767	0.212677	1.62136
0.0512558	-0.103228	3.74736
-0.261275	0.469231	2.76906
-0.383887	0.423724	4.70668
-0.299986	0.109035	3.49682
-0.724689	0.243992	5.42253
-0.0149368	-0.00561272	0.0994643
0.986858	-0.633743	2.60532
-1.08144	0.631468	2.59594
-2.46355	0.582393	5.35014
-1.53209	-0.623435	4.48306
-2.24926	-0.385296	5.97655
-0.0844715	-0.0447981	0.671246
-1.94043	0.5127	4.8967
-2.81181	0.754854	5.86594
-0.0870653	-0.116469	1.56552
-0.100091	0.290275	2.35799
-0.390352	-0.129821	2.89988
-0.422784	0.458099	2.50568
-0.417132	0.330113	4.41392
-0.213636	0.402191	2.24613
-0.877336	0.600254	2.59038
-0.16706	0.119575	1.6977
-0.18585	0.151244	1.61803
-0.0858183	-0.151298	1.1907
-2.44858	-1.22697	5.43411
-2.34227	-0.481332	4.77923
-0.990468	0.912471	2.7889
-0.0355368	0.0311341	0.258065
0.899905	-0.563457	2.72544
-0.284318	0.592636	2.79578
-2.45443	-0.626409	6.21946
-0.276774	0.428028	3.39861
-0.666399	0.530981	5.26072
-0.691118	0.186795	2.2762
-0.557622	-0.0196984	4.17693
-0.684104	0.141944	3.46421
-0.18144	0.413657	2.40754
-0.212628	0.409966	2.33242
-0.0734126	-0.333952	1.42092
-0.828686	0.563165	2.43726
-5.2325	1.61424	12.9776
-0.119155	-0.226736	1.76619
-0.176603	0.137958	1.48639
-0.840568	-0.0775521	2.83815
-0.929048	-0.160445	4.67717
-0.825861	-0.163468	4.00701
-0.825861	-0.163468	4.00701
-0.671688	0.196369	2.1183
-0.439051	1.24094	15.1351
-5.84175	4.06954	15.2169
-0.243078	-0.145783	2.10659
-0.0752611	-0.323057	4.30109
-0.10497	-0.161847	1.26067
-0.0788438	-0.026624	0.585667
0.177775	0.295924	2.82718
-0.00268923	0.00608509	0.0303372
1.02731	-0.637266	2.54687
-0.105393	-0.195087	2.13807
-0.172186	0.511183	2.52276
-0.0600626	-0.180604	1.71243
-0.0746243	-0.0374956	0.702819
-0.136319	-0.540481	4.12391
-0.835286	-0.212439	6.21077
-0.835286	-0.212439	6.21077
-0.100523	-0.750862	5.22861
-0.12208	-0.0359812	0.820218
-0.195958	-0.642337	4.21313
-0.925841	-0.297046	6.2916
-0.282511	0.405376	3.18943
-0.581839	0.45895	5.08194
-0.785779	0.611813	2.0072
-0.534428	0.313993	3.78954
-2.26346	-0.658735	6.02963
-0.721283	0.182376	2.72865
-0.778225	0.0792261	4.56058
-0.701683	0.101083	3.9155
-0.00454859	0.00371815	0.0375363
1.02258	-0.63808	2.55303
-0.0666411	0.124567	1.19817
0.551331	-0.152414	3.29002
0.137059	0.0517518	5.6598
0.575174	-0.315186	4.40858
-0.08997	0.0151196	0.785663
-0.221308	0.135001	2.89422
-0.396369	0.136488	4.92189
-0.19897	0.0259097	4.06132
-0.188449	0.211785	1.67328
-0.320018	0.663339	2.77423
-0.442038	0.604429	4.63513
-0.284555	0.564956	3.98792
-0.700906	0.456437	3.29907
-1.00764	0.480737	4.99308
-0.656806	0.326461	4.5055
-0.173191	-0.321651	2.1342
-0.0806876	-0.199117	1.57624
-0.151245	0.107474	1.4773
-0.301859	0.0562389	2.54816
-0.3201	-0.0315058	4.60818
-5.27998	1.6533	13.0443
-0.097977	0.4763	4.73358
-1.07612	0.916051	6.48558
-0.0135337	0.210645	5.91777
-0.363471	0.0324383	2.72028
-0.449019	-0.0215683	4.7396
-0.349074	-0.0578403	3.88401
-0.241012	0.647822	3.26306
-0.579349	0.715186	5.09808
-0.0990474	-0.246571	2.02489
-0.302373	0.388586	2.99153
-0.514953	0.393434	4.90566
-0.269359	0.272822	4.18143
-0.199463	0.176136	1.70236
-0.286921	0.466453	2.19325
-0.401372	1.00558	4.73462
-0.224739	-0.444955	4.31468
-0.398898	-0.306337	3.2959
0.701593	-0.0812457	6.19726
1.28411	-0.631289	4.55937
-8.30137e-05	1.90313e-05	0.000206058
-2.08032	-0.588452	4.03803
0.189025	0.261991	3.62379
-0.207478	0.595939	2.75042
-0.413112	0.276981	4.76665
-0.41457	0.788114	4.78308
-1.36949	1.18882	5.81778
-0.513317	0.701959	5.57827
-0.258301	-0.634768	4.5973
-0.472481	0.967388	4.72429
-1.02103	0.40873	6.97859
0.161455	-0.437708	6.14687
-0.480463	0.291924	4.71481
-1.42558	0.12218	3.97111
-1.5212	0.351555	3.73099
-0.581715	0.315871	3.01416
-5.51287	-0.358644	43.258
11.4197	-13.8651	38.2392
-2.14143	-0.323127	4.18758
-2.14939	-0.398448	4.14146
-2.32609	0.102777	4.32325
-0.570792	-0.708098	4.50657
-0.77731	-0.264859	4.55986
-4.51879	3.38212	10.8393
-0.829389	1.00984	11.883
-1.53792	1.05307	4.62695
-1.91329	0.361575	4.47842
-1.70122	0.400224	4.45055
-0.644847	-0.423017	3.06507
-4.36771	1.70912	9.14796
-1.68628	0.0360751	9.88303
-1.79373	1.64653	4.53815
1.75463	-0.138635	3.89076
1.23452	0.118942	2.13722
-0.28841	0.810245	4.8062
-1.44027	1.64516	4.48711
-0.257563	-0.0586603	4.74475
-0.539469	1.08479	5.50013
0.0742092	0.711695	4.90346
0.0742092	0.711695	4.90346
0.525568	-0.650272	1.63931
-1.65931	0.943415	4.61656
-0.548252	0.101949	4.40006
-0.561199	0.177496	3.68399
-2.07493	-0.323841	4.21776
-0.298578	0.80438	4.79307
-0.353113	0.836659	4.78975
-2.12805	0.56406	4.53632
-2.04529	0.406536	4.51387
-2.80574	1.53277	7.99929
-0.81108	0.265922	8.15922
-0.300687	-0.589763	5.13483
-0.142479	-0.729368	3.9702
-0.426551	0.276276	4.75453
-0.184086	-0.593128	4.66934
-1.77668	-0.955957	3.96116
-0.613498	-0.385258	4.60807
-0.671467	0.899738	4.71884
-2.01329	-0.479912	4.15032
-1.38068	1.19822	5.89664
-0.488301	0.68314	5.65211
1.76126	-1.60474	4.51306
-1.95771	-0.326785	4.25629
-1.06273	-0.325074	4.50334
-1.39371	-0.500445	4.34274
-7.58368	1.97744	14.8776
-2.07696	-1.70672	16.2118
-0.518121	0.0967666	2.97854
-1.13803	0.671368	2.4819
-1.79371	0.514506	4.55608
-1.42374	0.228511	4.87548
-1.11863	0.133727	4.51818
-0.575775	-0.379322	2.42606
-1.91061	0.380852	4.52717
-0.428611	0.269684	4.75327
-0.647235	0.445723	3.57851
-0.941409	0.788239	3.1498
-2.14846	-0.399766	4.12575
-0.351165	-0.621275	4.59331
-1.06182	-0.325427	4.50824
-0.364677	0.833063	4.76917
-0.310605	0.682518	4.29151
-0.300409	0.757984	3.66552
-0.634323	-0.490522	3.57307
-1.08566	-0.0866017	2.84881
-0.151114	-0.500308	4.63998
-0.562554	-0.627397	3.39887
-1.11805	-0.154006	2.62826
-0.621505	-0.194756	4.63632
-1.0075	0.526687	5.98519
-0.228432	0.0213062	5.34797
-0.213811	-0.764245	4.61987
-0.196641	0.577448	4.81911
-4.92185	0.024492	11.5196
-1.4502	-2.37083	11.5921
-0.668138	-0.319899	4.60717
-1.02444	0.670743	4.34573
-0.915149	0.731656	4.03165
0.0502088	0.0658979	2.63952
-0.666577	-0.337311	5.75216
-0.165205	-0.707721	4.73028
-1.67068	0.94599	4.61883
-0.278189	-0.627163	4.63687
-1.29744	0.55626	4.64326
-0.619758	0.93823	4.71929
-2.06752	-0.350866	4.16325
-1.67095	-0.482266	4.2346
-0.278205	0.115126	4.72316
-0.598518	-0.383999	4.55815
-0.840635	-0.306304	6.01748
-0.202642	-0.770891	5.04053
-0.421507	-0.30561	5.26354
-0.14894	-0.507831	4.22077
-0.623576	0.11771	1.33472
-0.510843	0.332378	4.71802
-0.363925	0.831346	4.75933
-1.16269	-0.42003	4.33759
-1.22051	-0.286145	3.74916
-0.974977	0.4072	2.43587
-1.80794	0.514351	4.54368
-1.61188	0.924065	4.63333
-1.4043	-0.521852	4.33203
-0.812051	0.417755	4.94085
-0.515069	0.284797	4.35342
-0.133569	-0.147542	2.01988
0.75892	-0.0674899	6.26036
1.36419	-0.640854	4.59026
0.032259	-0.0180656	-0.0777998
-0.483315	0.343179	5.36284
-0.0555423	0.065153	4.53314
-0.0893881	-0.236485	1.48899
-1.07724	0.447767	4.97003
-0.733974	0.304041	4.50766
-0.232063	-0.33235	2.18788
-2.11946	0.418146	4.50664
-1.90528	1.08906	4.63482
-1.55397	1.01359	4.62431
-0.541446	0.137371	4.6173
-0.457208	0.134389	3.87326
-0.224593	0.349044	1.97934
-0.625272	-0.19259	4.64541
-1.27277	-0.0994931	4.93975
-1.01066	-0.196755	4.40141
-0.801942	-0.214544	2.18898
-0.411447	0.791945	4.71748
-0.51875	0.323357	4.67733
-1.67236	-0.481108	4.27382
1.76486	-1.2921	4.70774
1.64723	0.299835	5.3798
-0.759159	0.502301	5.07195
-0.398509	0.317679	4.46507
-0.0474846	-0.244395	1.91819
-1.93448	1.1323	4.61711
-1.67299	0.957922	4.62017
-0.720414	0.305771	4.69133
-0.378879	-0.636877	4.59457
-0.227444	-0.792766	4.61475
-1.05853	0.384527	4.55226
-0.904836	0.391346	4.13073
-0.238257	0.00539716	2.44239
-0.0647302	-0.271342	2.92477
-0.817337	0.343185	2.11665
-0.654605	0.929544	4.6974
-2.05375	1.55916	6.53423
-0.758253	0.80087	6.60243
-1.90939	1.08672	4.60939
-3.86529	1.81599	10.4971
-0.649143	-0.339963	10.8141
-0.208021	-0.785471	4.5723
-0.431871	0.210389	4.74586
-0.581474	0.207671	4.98092
-0.327138	0.0728116	4.21685
-0.327138	0.0728116	4.21685
-0.216673	0.0356474	1.77813
-1.57112	0.910937	4.60397
-1.1978	-0.0237606	5.01839
-0.898132	-0.153828	4.45649
-0.708322	-0.257327	2.10565
0.00812381	-0.013323	3.83535
-0.324015	0.264841	2.92382
0.135174	0.526957	5.33399
0.51322	0.244136	4.28493
0.360368	0.0696033	1.1409
0.0391827	-0.152755	3.39673
-0.505206	0.28805	2.50024
-0.83371	0.459318	5.03219
-0.488814	0.291773	4.45243
-0.115833	-0.242017	1.98383
-0.64524	0.389097	4.68793
-0.353382	-0.532875	4.63707
-0.608976	0.43776	4.92539
-0.337472	0.307895	4.2544
-0.0208947	-0.0273589	1.89847
-0.196019	-0.630621	4.65788
-0.554627	0.425219	4.7337
-0.587051	-0.216337	2.49609
-0.0747112	-0.404184	2.24603
-0.0399357	-0.0327904	4.52461
-0.165281	-0.215638	1.42804
-1.42091	0.397715	3.56549
-0.487762	0.488159	2.98143
-0.477703	-0.193831	2.86679
-1.09385	0.939538	2.79482
-1.5723	-0.0784888	3.90382
-0.97998	0.183474	2.811
-0.456893	-0.490954	4.15016
-0.765882	0.141885	1.61627
-0.711128	0.0518384	4.37467
-0.434452	-0.171839	2.06504
-1.25733	-0.146385	2.99695
-0.860846	1.12785	2.66897
0.151091	-0.0305076	-0.357272
-0.217467	0.551554	3.30923
-1.15174	-0.319167	2.37643
-0.264461	-0.445649	4.47779
-0.633965	-0.15815	1.41879
-0.54586	0.0979379	1.20773
-0.706599	0.126969	1.53071
-0.0752329	-0.354335	2.93034
-238.541	-46.1614	510.084
-0.932038	1.06646	3.06807
-0.398549	0.244085	3.24409
-1.04553	1.00727	2.87261
-1.24252	0.762252	2.57365
0.270498	0.270591	3.34136
-1.40828	0.382755	4.53077
-0.510919	-0.45872	2.79425
-0.719008	0.133236	1.55628
-0.449966	0.0878371	1.11276
-0.300207	-0.501987	4.14883
-0.694928	0.166517	1.47831
-0.407081	-0.163433	3.16681
-0.567721	0.480131	4.33851
-0.399444	-0.0824395	0.959588
-0.902501	0.493436	2.52751
-0.0810195	-0.348192	2.8978
-0.300501	0.622242	3.1871
-0.365067	0.154183	3.8722
-0.126377	-0.394915	2.38092
-0.0948121	-0.426932	2.72407
-0.411531	-0.23624	2.98904
-0.141586	-0.536434	4.55447
-0.650156	-0.206757	1.25571
-0.0558627	-0.383876	2.9689
-0.557191	-0.318462	4.49381
-0.675305	-0.228629	1.72773
-0.842186	0.0106467	4.04019
-0.531227	0.143198	2.21384
-0.160651	-0.372951	2.78583
-0.494229	-0.315884	2.31954
-1.53929	0.670433	3.53431
-0.313935	0.473589	3.22419
-0.412218	-0.0172353	3.96846
-0.333279	0.277547	1.84838
-1.07534	1.03599	2.95451
-0.732057	0.574408	4.22693
0.00581786	-0.0839988	2.37129
-0.360479	0.203464	3.76866
-0.523851	0.092305	1.13196
-0.0806249	-0.395862	2.70747
-0.152017	-0.446605	2.73621
-0.474459	-0.34371	3.71143
-0.640904	0.555898	1.78195
-0.0790619	-0.355273	2.92336
-1.53885	-0.872444	3.44515
-0.265933	-0.53915	4.48738
-0.715124	-0.158016	1.37136
-1.98319	0.907274	4.60771
-0.357146	-0.670627	3.53114
-0.899314	0.577984	2.71292
-0.498265	-0.315647	2.33347
-0.456578	0.209523	4.1619
-0.164818	0.0571423	1.96605
-1.05631	1.01766	2.90223
-0.186738	-0.377644	2.53522
1.00071	-0.754633	2.61835
-0.390806	-0.26059	2.97694
-0.998506	0.546951	2.42949
-0.141306	-0.415168	2.54364
-0.623342	0.182158	4.55134
-0.280649	-0.34696	2.0253
-0.0985008	-0.385531	2.75028
-0.345812	-0.240787	3.10051
-0.466128	0.116661	1.16354
-0.906473	0.499111	2.553
-0.0674509	-0.443086	4.46726
-0.530492	-0.120179	1.25513
-0.165123	0.523558	3.15595
-0.464357	0.313482	4.42999
-0.084264	-0.218745	1.97796
0.255259	0.291768	3.35659
-1.85858	0.0544593	3.78963
-1.0108	0.241485	3.14017
0.547273	-0.109707	-1.31695
-0.356362	0.216784	3.39464
-0.328051	0.195142	3.84908
-1.31538	0.778949	3.79353
-0.11043	0.238745	3.0438
-0.746048	0.142495	1.84615
-0.383405	-0.215888	3.12406
-0.563514	0.147978	1.4296
-0.063187	-0.324324	1.76643
-0.420098	-0.17144	3.21594
-0.579752	0.257345	4.09142
-0.185756	0.104094	2.1067
-0.0940107	-0.419867	2.62541
-0.207019	0.495685	3.25958
-0.156868	-0.362297	2.82308
-0.923616	0.613404	2.74892
-0.145061	-0.306355	3.0426
-1.63326	-0.909322	3.62532
-1.58717	0.0952305	3.52612
-0.831962	0.53502	2.97702
-0.293765	-0.250115	3.08978
0.984224	-0.747536	2.57609
-0.546437	0.602928	3.5584
-0.524846	-0.220152	3.83757
-0.562924	0.41168	1.86464
-0.210469	0.0841157	3.93046
-0.142123	0.332897	1.73518
-0.405893	0.251708	3.37167
-0.0808041	-0.46738	1.81813
-0.524366	0.394875	3.82656
-0.0347072	0.358282	2.17531
-0.0347072	0.358282	2.17531
-1.53776	-0.867632	3.43748
-0.337757	0.185645	3.71187
-0.0623566	-0.296512	1.57042
-0.442314	0.344795	4.03288
-0.0391708	0.172018	2.04456
-0.0391708	0.172018	2.04456
-0.730892	0.410437	3.98973
-0.130166	0.166815	2.32941
-0.41081	0.256438	3.88896
-0.0963233	0.327395	1.99866
-0.303386	-0.235736	3.13879
-0.428434	-0.20767	3.0753
-0.238151	0.495684	3.43213
-0.493377	0.363346	4.02127
-0.0492512	0.174291	2.09914
-0.538014	0.315498	4.47679
-0.121144	-0.275442	2.03314
-0.936736	0.536548	2.79192
-1.3837	0.723608	3.9463
-0.195636	0.0844755	3.04708
-0.704248	-0.281409	2.1883
-1.06032	0.666925	3.22706
-1.03909	0.628217	3.1262
-0.204805	-0.17041	1.64157
-0.146147	0.0739331	1.80534
-0.0300338	-0.191015	1.26142
-0.110874	0.314446	1.90849
-1.55195	-0.461389	2.93611
-0.212206	-0.102053	1.70089
-1.16437	-0.386215	3.00389
-1.11008	-0.289697	2.69187
0.345977	-0.0243998	0.656918
-0.315083	0.315083	2.10724
-0.0576702	-0.242751	1.40823
-1.39742	0.233396	3.10209
0.301425	-0.0503257	0.556232
-0.801266	-0.348899	2.52651
-1.49964	-0.486896	2.92138
-1.06816	0.194453	2.79693
-1.72619	1.60876	4.10997
-0.378917	-0.199526	1.92204
-0.0600364	-0.177555	1.34124
-1.51507	0.367005	3.29364
0.099032	-0.0921388	0.241261
-0.476353	-0.2124	2.16524
-1.43284	0.235478	3.17804
-0.0743972	-0.241088	1.34222
-0.0718651	-0.221262	1.3523
-0.0280271	-0.182062	1.19628
-1.35303	-0.38344	2.81547
-0.168242	-0.141365	1.35679
-1.20718	0.278404	3.01366
-0.0293712	-0.165004	1.25365
-0.196961	-0.121929	1.5884
-1.19264	1.04414	3.44979
-0.449427	1.05826	2.79892
-0.0373764	-0.0641173	1.59533
-0.096139	0.30426	1.89037
-1.42593	0.312405	3.24777
-0.294919	-0.181694	2.0082
-0.131365	-0.246684	1.42788
-1.37807	-0.406334	2.84055
-0.463798	-0.193155	1.98447
-1.34595	-0.278108	2.92599
-0.0997755	-0.189139	1.10651
-1.39743	0.23733	3.01691
-1.27392	0.233722	3.07837
-0.765166	0.296341	2.79316
-0.0243505	-0.154525	1.00031
-1.13678	-0.266118	2.74699
-0.55106	0.0932934	1.43634
-0.0564561	-0.153027	1.38373
-0.0685224	-0.246563	1.3976
-0.0250227	-0.0484783	1.32696
-1.19211	1.06813	3.4256
-0.233885	-0.199718	1.90018
-1.1343	-0.223888	2.37842
-0.300847	0.134737	2.0744
-0.116708	0.323745	1.94514
0.0313321	-0.0257607	0.0787125
-0.0733116	-0.196676	1.34481
-1.56979	0.238715	3.38901
-1.25147	0.227336	3.10649
-0.430413	-0.298528	2.04125
-0.100431	-0.29556	1.60067
-0.219571	-0.106827	1.745
-0.0422937	-0.214832	1.29849
-0.145744	0.275994	1.8402
-0.966967	-0.332992	2.49189
-0.208032	-0.0994787	1.62496
-0.0406507	-0.203748	1.24805
-0.104451	0.280668	1.87823
-1.5624	1.3982	3.99245
-1.25368	0.211427	3.0016
-1.25634	0.675507	3.63884
-0.157991	0.0992077	1.55363
-0.461316	-0.317039	2.15972
-0.0336551	-0.193265	1.48279
-0.165839	0.309089	2.02384
-0.211879	-0.155791	1.65501
-0.793593	-0.348897	2.48833
-0.0395957	-0.23047	1.21566
0.100831	-0.0824268	0.252959
-0.200497	-0.170952	1.6333
-0.0727774	0.00903871	1.52534
-2.18723	1.17766	5.37225
-1.15655	0.6227	3.25064
-0.152218	0.291853	1.91927
-0.0620799	-0.211207	1.20168
-0.0693208	-0.182843	1.34184
-0.0445418	-0.234293	1.39575
-0.0575865	-0.132533	1.3159
-0.286014	0.0917345	1.98502
-0.149286	0.0709959	1.7118
-0.356081	0.370926	2.31878
-0.0514872	-0.350906	1.29321
-0.0455215	-0.167633	1.29793
-0.0855987	0.00563396	1.58427
-1.10524	0.68686	3.31237
0.321103	0.0362771	0.987581
-1.36133	-0.80528	3.07518
-0.2217	-0.131248	1.62417
-0.240531	0.0813376	1.62657
-0.0878497	-0.193339	1.4042
-0.0636155	-0.152741	1.39811
-0.330821	0.352778	2.15429
-0.093148	0.00737784	1.63779
-2.47968	1.33599	6.05528
-0.0981734	0.335893	1.91795
-0.268013	0.452838	2.35615
0.131107	0.0721234	1.29501
-1.15993	0.626142	3.25786
-0.0376393	-0.125021	1.32355
-0.14752	0.305962	1.93563
-0.0288601	-0.226399	1.33541
-0.129755	0.299528	2.07402
-0.218346	0.358173	1.8636
-0.409472	0.446089	2.18005
-0.0535087	0.205153	2.77562
-0.19502	0.197393	4.86808
-0.0324679	0.100772	3.94377
-0.0367246	0.34323	1.59053
1.2991	0.6257	1.6118
